(kicad_pcb (version 20171130) (host pcbnew 5.1.5+dfsg1-2build2)

  (general
    (thickness 1.6)
    (drawings 1370)
    (tracks 556)
    (zones 0)
    (modules 41)
    (nets 65)
  )

  (page A4)
  (layers
    (0 F.Cu signal)
    (31 B.Cu signal)
    (32 B.Adhes user)
    (33 F.Adhes user)
    (34 B.Paste user)
    (35 F.Paste user)
    (36 B.SilkS user)
    (37 F.SilkS user)
    (38 B.Mask user)
    (39 F.Mask user)
    (40 Dwgs.User user)
    (41 Cmts.User user)
    (42 Eco1.User user)
    (43 Eco2.User user)
    (44 Edge.Cuts user)
    (45 Margin user)
    (46 B.CrtYd user)
    (47 F.CrtYd user)
    (48 B.Fab user)
    (49 F.Fab user)
  )

  (setup
    (last_trace_width 0.25)
    (user_trace_width 0.1524)
    (user_trace_width 0.2)
    (user_trace_width 0.25)
    (user_trace_width 0.3)
    (user_trace_width 0.4)
    (user_trace_width 0.5)
    (user_trace_width 0.6)
    (user_trace_width 0.8)
    (user_trace_width 1)
    (user_trace_width 1.2)
    (user_trace_width 1.5)
    (user_trace_width 2)
    (trace_clearance 0.254)
    (zone_clearance 0.1524)
    (zone_45_only no)
    (trace_min 0.1524)
    (via_size 0.6858)
    (via_drill 0.3302)
    (via_min_size 0.6858)
    (via_min_drill 0.3302)
    (uvia_size 0.508)
    (uvia_drill 0.127)
    (uvias_allowed no)
    (uvia_min_size 0.508)
    (uvia_min_drill 0.127)
    (edge_width 0.127)
    (segment_width 0.127)
    (pcb_text_width 0.127)
    (pcb_text_size 0.6 0.6)
    (mod_edge_width 0.127)
    (mod_text_size 0.6 0.6)
    (mod_text_width 0.127)
    (pad_size 1.524 1.524)
    (pad_drill 0.762)
    (pad_to_mask_clearance 0.05)
    (pad_to_paste_clearance -0.04)
    (aux_axis_origin 0 0)
    (visible_elements FFFFFF7F)
    (pcbplotparams
      (layerselection 0x3ffff_80000001)
      (usegerberextensions true)
      (usegerberattributes true)
      (usegerberadvancedattributes false)
      (creategerberjobfile false)
      (excludeedgelayer true)
      (linewidth 0.127000)
      (plotframeref false)
      (viasonmask false)
      (mode 1)
      (useauxorigin false)
      (hpglpennumber 1)
      (hpglpenspeed 20)
      (hpglpendiameter 15.000000)
      (psnegative false)
      (psa4output false)
      (plotreference true)
      (plotvalue true)
      (plotinvisibletext false)
      (padsonsilk false)
      (subtractmaskfromsilk false)
      (outputformat 1)
      (mirror false)
      (drillshape 0)
      (scaleselection 1)
      (outputdirectory "CAM/"))
  )

  (net 0 "")
  (net 1 VIN)
  (net 2 GND)
  (net 3 VCC)
  (net 4 "Net-(C4-Pad1)")
  (net 5 "Net-(C7-Pad1)")
  (net 6 "Net-(D1-Pad2)")
  (net 7 RELAY_SIG)
  (net 8 +12V)
  (net 9 "Net-(D2-Pad2)")
  (net 10 COM)
  (net 11 NO)
  (net 12 NC)
  (net 13 OUT-)
  (net 14 OUT2_1)
  (net 15 OUT1_1)
  (net 16 "Net-(P5-Pad1)")
  (net 17 "Net-(P5-Pad2)")
  (net 18 "Net-(P5-Pad3)")
  (net 19 "Net-(P5-Pad5)")
  (net 20 "Net-(P5-Pad6)")
  (net 21 MOSFET_SIG)
  (net 22 PWM2_2)
  (net 23 EN)
  (net 24 ENB)
  (net 25 PWM2_1)
  (net 26 PWM1_1)
  (net 27 PWM1_2)
  (net 28 DIAG)
  (net 29 "Net-(P6-Pad15)")
  (net 30 "Net-(P6-Pad14)")
  (net 31 "Net-(P6-Pad13)")
  (net 32 "Net-(P6-Pad12)")
  (net 33 "Net-(P6-Pad11)")
  (net 34 "Net-(P6-Pad10)")
  (net 35 "Net-(P6-Pad9)")
  (net 36 "Net-(P6-Pad8)")
  (net 37 "Net-(P6-Pad7)")
  (net 38 "Net-(P6-Pad6)")
  (net 39 "Net-(P6-Pad5)")
  (net 40 "Net-(P6-Pad3)")
  (net 41 OUT1_2)
  (net 42 OUT2_2)
  (net 43 "Net-(Q1-Pad1)")
  (net 44 "Net-(Q2-Pad1)")
  (net 45 "Net-(R2-Pad1)")
  (net 46 "Net-(R4-Pad1)")
  (net 47 "Net-(R6-Pad1)")
  (net 48 "Net-(R7-Pad1)")
  (net 49 "Net-(R8-Pad1)")
  (net 50 "Net-(R9-Pad1)")
  (net 51 "Net-(R10-Pad2)")
  (net 52 "Net-(R11-Pad1)")
  (net 53 "Net-(R12-Pad1)")
  (net 54 "Net-(R13-Pad1)")
  (net 55 "Net-(R14-Pad1)")
  (net 56 "Net-(R15-Pad1)")
  (net 57 "Net-(U1-Pad6)")
  (net 58 "Net-(U1-Pad7)")
  (net 59 "Net-(U1-Pad10)")
  (net 60 "Net-(U1-Pad26)")
  (net 61 "Net-(U2-Pad26)")
  (net 62 "Net-(U2-Pad10)")
  (net 63 "Net-(U2-Pad7)")
  (net 64 "Net-(U2-Pad6)")

  (net_class Default "Dit is de standaard class."
    (clearance 0.254)
    (trace_width 0.254)
    (via_dia 0.6858)
    (via_drill 0.3302)
    (uvia_dia 0.508)
    (uvia_drill 0.127)
    (add_net +12V)
    (add_net COM)
    (add_net DIAG)
    (add_net EN)
    (add_net ENB)
    (add_net GND)
    (add_net MOSFET_SIG)
    (add_net NC)
    (add_net NO)
    (add_net "Net-(C4-Pad1)")
    (add_net "Net-(C7-Pad1)")
    (add_net "Net-(D1-Pad2)")
    (add_net "Net-(D2-Pad2)")
    (add_net "Net-(P5-Pad1)")
    (add_net "Net-(P5-Pad2)")
    (add_net "Net-(P5-Pad3)")
    (add_net "Net-(P5-Pad5)")
    (add_net "Net-(P5-Pad6)")
    (add_net "Net-(P6-Pad10)")
    (add_net "Net-(P6-Pad11)")
    (add_net "Net-(P6-Pad12)")
    (add_net "Net-(P6-Pad13)")
    (add_net "Net-(P6-Pad14)")
    (add_net "Net-(P6-Pad15)")
    (add_net "Net-(P6-Pad3)")
    (add_net "Net-(P6-Pad5)")
    (add_net "Net-(P6-Pad6)")
    (add_net "Net-(P6-Pad7)")
    (add_net "Net-(P6-Pad8)")
    (add_net "Net-(P6-Pad9)")
    (add_net "Net-(Q1-Pad1)")
    (add_net "Net-(Q2-Pad1)")
    (add_net "Net-(R10-Pad2)")
    (add_net "Net-(R11-Pad1)")
    (add_net "Net-(R12-Pad1)")
    (add_net "Net-(R13-Pad1)")
    (add_net "Net-(R14-Pad1)")
    (add_net "Net-(R15-Pad1)")
    (add_net "Net-(R2-Pad1)")
    (add_net "Net-(R4-Pad1)")
    (add_net "Net-(R6-Pad1)")
    (add_net "Net-(R7-Pad1)")
    (add_net "Net-(R8-Pad1)")
    (add_net "Net-(R9-Pad1)")
    (add_net "Net-(U1-Pad10)")
    (add_net "Net-(U1-Pad26)")
    (add_net "Net-(U1-Pad6)")
    (add_net "Net-(U1-Pad7)")
    (add_net "Net-(U2-Pad10)")
    (add_net "Net-(U2-Pad26)")
    (add_net "Net-(U2-Pad6)")
    (add_net "Net-(U2-Pad7)")
    (add_net OUT-)
    (add_net OUT1_1)
    (add_net OUT1_2)
    (add_net OUT2_1)
    (add_net OUT2_2)
    (add_net PWM1_1)
    (add_net PWM1_2)
    (add_net PWM2_1)
    (add_net PWM2_2)
    (add_net RELAY_SIG)
    (add_net VCC)
    (add_net VIN)
  )

  (net_class 0.2mm ""
    (clearance 0.2)
    (trace_width 0.2)
    (via_dia 0.6858)
    (via_drill 0.3302)
    (uvia_dia 0.508)
    (uvia_drill 0.127)
  )

  (net_class Minimal ""
    (clearance 0.1524)
    (trace_width 0.1524)
    (via_dia 0.6858)
    (via_drill 0.3302)
    (uvia_dia 0.508)
    (uvia_drill 0.127)
  )

  (module Connectors_Molex:Molex_Microfit3_Header_02x01_Angled_43045-020x (layer F.Cu) (tedit 55B90098) (tstamp 6005129F)
    (at 159.51708 127.45212)
    (descr "Microfit3 02x01 header angled 43045-0200")
    (tags "connector Microfit 02x01 angled 3mm pitch")
    (path /6041ED3D)
    (fp_text reference P3 (at 3.03292 -5.22712) (layer F.SilkS)
      (effects (font (size 1 1) (thickness 0.15)))
    )
    (fp_text value MOTOR1 (at 0 -6.604) (layer F.Fab)
      (effects (font (size 1 1) (thickness 0.15)))
    )
    (fp_line (start -3.9 -4.55) (end -3.9 9.2) (layer F.CrtYd) (width 0.05))
    (fp_line (start -3.9 9.2) (end 3.9 9.2) (layer F.CrtYd) (width 0.05))
    (fp_line (start 3.9 9.2) (end 3.9 -4.55) (layer F.CrtYd) (width 0.05))
    (fp_line (start 3.9 -4.55) (end -3.9 -4.55) (layer F.CrtYd) (width 0.05))
    (fp_line (start -3.7 9) (end -3.7 -4.35) (layer F.SilkS) (width 0.12))
    (fp_line (start -3.7 -4.35) (end 3.7 -4.35) (layer F.SilkS) (width 0.12))
    (fp_line (start 3.7 -4.35) (end 3.7 9) (layer F.SilkS) (width 0.12))
    (fp_line (start 3.7 9) (end -3.7 9) (layer F.SilkS) (width 0.12))
    (pad 2 thru_hole circle (at 0 -3) (size 1.5 1.5) (drill 1.1) (layers *.Cu *.Mask)
      (net 14 OUT2_1))
    (pad 1 thru_hole circle (at 0 0) (size 1.5 1.5) (drill 1.1) (layers *.Cu *.Mask)
      (net 15 OUT1_1))
    (pad "" np_thru_hole circle (at 0 4.32) (size 3.1 3.1) (drill 3.1) (layers *.Cu *.Mask))
    (model ${KISYS3DMOD}/Connectors_Molex.3dshapes/Molex_Microfit3_Header_02x01_Angled_43045-020x.wrl
      (at (xyz 0 0 0))
      (scale (xyz 1 1 1))
      (rotate (xyz 0 0 0))
    )
  )

  (module Capacitors_SMD:c_elec_6.3x5.3 (layer F.Cu) (tedit 57FA457B) (tstamp 60051194)
    (at 152.02916 118.09984)
    (descr "SMT capacitor, aluminium electrolytic, 6.3x5.3")
    (path /600B2D4B)
    (attr smd)
    (fp_text reference C3 (at 0.17084 -4.52484) (layer F.SilkS)
      (effects (font (size 1 1) (thickness 0.15)))
    )
    (fp_text value 47uF (at 0 -4.5593) (layer F.Fab)
      (effects (font (size 1 1) (thickness 0.15)))
    )
    (fp_line (start 3.1496 3.1496) (end 3.1496 -3.1496) (layer F.Fab) (width 0.15))
    (fp_line (start -2.4765 3.1496) (end 3.1496 3.1496) (layer F.Fab) (width 0.15))
    (fp_line (start -3.1496 2.4765) (end -2.4765 3.1496) (layer F.Fab) (width 0.15))
    (fp_line (start -3.1496 -2.4765) (end -3.1496 2.4765) (layer F.Fab) (width 0.15))
    (fp_line (start -2.4765 -3.1496) (end -3.1496 -2.4765) (layer F.Fab) (width 0.15))
    (fp_line (start 3.1496 -3.1496) (end -2.4765 -3.1496) (layer F.Fab) (width 0.15))
    (fp_text user + (at -1.7526 -0.0762) (layer F.Fab)
      (effects (font (size 1 1) (thickness 0.15)))
    )
    (fp_arc (start 0 0) (end 2.8321 1.1176) (angle 136.9700905) (layer F.SilkS) (width 0.15))
    (fp_arc (start 0 0) (end -2.8321 -1.1176) (angle 136.9297483) (layer F.SilkS) (width 0.15))
    (fp_line (start 3.302 3.302) (end 3.302 1.1176) (layer F.SilkS) (width 0.15))
    (fp_line (start 3.302 -3.302) (end 3.302 -1.1176) (layer F.SilkS) (width 0.15))
    (fp_line (start -3.302 2.54) (end -3.302 1.1176) (layer F.SilkS) (width 0.15))
    (fp_line (start -3.302 -2.54) (end -3.302 -1.1176) (layer F.SilkS) (width 0.15))
    (fp_text user + (at -4.2799 3.0099) (layer F.SilkS)
      (effects (font (size 1 1) (thickness 0.15)))
    )
    (fp_line (start 4.85 -3.65) (end -4.85 -3.65) (layer F.CrtYd) (width 0.05))
    (fp_line (start -4.85 -3.65) (end -4.85 3.65) (layer F.CrtYd) (width 0.05))
    (fp_line (start -4.85 3.65) (end 4.85 3.65) (layer F.CrtYd) (width 0.05))
    (fp_line (start 4.85 3.65) (end 4.85 -3.65) (layer F.CrtYd) (width 0.05))
    (fp_line (start 3.302 3.302) (end -2.54 3.302) (layer F.SilkS) (width 0.15))
    (fp_line (start -2.54 3.302) (end -3.302 2.54) (layer F.SilkS) (width 0.15))
    (fp_line (start -3.302 -2.54) (end -2.54 -3.302) (layer F.SilkS) (width 0.15))
    (fp_line (start -2.54 -3.302) (end 3.302 -3.302) (layer F.SilkS) (width 0.15))
    (pad 1 smd rect (at -2.7 0 180) (size 3.5 1.6) (layers F.Cu F.Paste F.Mask)
      (net 1 VIN))
    (pad 2 smd rect (at 2.7 0 180) (size 3.5 1.6) (layers F.Cu F.Paste F.Mask)
      (net 2 GND))
    (model Capacitors_SMD.3dshapes/c_elec_6.3x5.3.wrl
      (at (xyz 0 0 0))
      (scale (xyz 1 1 1))
      (rotate (xyz 0 0 180))
    )
  )

  (module Capacitors_SMD:c_elec_6.3x5.3 (layer F.Cu) (tedit 57FA457B) (tstamp 60051205)
    (at 142.18412 118.0846 180)
    (descr "SMT capacitor, aluminium electrolytic, 6.3x5.3")
    (path /5FFF6FA1)
    (attr smd)
    (fp_text reference C9 (at 0 4.5593) (layer F.SilkS)
      (effects (font (size 1 1) (thickness 0.15)))
    )
    (fp_text value 47uF (at 0 -4.5593) (layer F.Fab)
      (effects (font (size 1 1) (thickness 0.15)))
    )
    (fp_line (start -2.54 -3.302) (end 3.302 -3.302) (layer F.SilkS) (width 0.15))
    (fp_line (start -3.302 -2.54) (end -2.54 -3.302) (layer F.SilkS) (width 0.15))
    (fp_line (start -2.54 3.302) (end -3.302 2.54) (layer F.SilkS) (width 0.15))
    (fp_line (start 3.302 3.302) (end -2.54 3.302) (layer F.SilkS) (width 0.15))
    (fp_line (start 4.85 3.65) (end 4.85 -3.65) (layer F.CrtYd) (width 0.05))
    (fp_line (start -4.85 3.65) (end 4.85 3.65) (layer F.CrtYd) (width 0.05))
    (fp_line (start -4.85 -3.65) (end -4.85 3.65) (layer F.CrtYd) (width 0.05))
    (fp_line (start 4.85 -3.65) (end -4.85 -3.65) (layer F.CrtYd) (width 0.05))
    (fp_text user + (at -4.2799 3.0099) (layer F.SilkS)
      (effects (font (size 1 1) (thickness 0.15)))
    )
    (fp_line (start -3.302 -2.54) (end -3.302 -1.1176) (layer F.SilkS) (width 0.15))
    (fp_line (start -3.302 2.54) (end -3.302 1.1176) (layer F.SilkS) (width 0.15))
    (fp_line (start 3.302 -3.302) (end 3.302 -1.1176) (layer F.SilkS) (width 0.15))
    (fp_line (start 3.302 3.302) (end 3.302 1.1176) (layer F.SilkS) (width 0.15))
    (fp_arc (start 0 0) (end -2.8321 -1.1176) (angle 136.9297483) (layer F.SilkS) (width 0.15))
    (fp_arc (start 0 0) (end 2.8321 1.1176) (angle 136.9700905) (layer F.SilkS) (width 0.15))
    (fp_text user + (at -1.7526 -0.0762) (layer F.Fab)
      (effects (font (size 1 1) (thickness 0.15)))
    )
    (fp_line (start 3.1496 -3.1496) (end -2.4765 -3.1496) (layer F.Fab) (width 0.15))
    (fp_line (start -2.4765 -3.1496) (end -3.1496 -2.4765) (layer F.Fab) (width 0.15))
    (fp_line (start -3.1496 -2.4765) (end -3.1496 2.4765) (layer F.Fab) (width 0.15))
    (fp_line (start -3.1496 2.4765) (end -2.4765 3.1496) (layer F.Fab) (width 0.15))
    (fp_line (start -2.4765 3.1496) (end 3.1496 3.1496) (layer F.Fab) (width 0.15))
    (fp_line (start 3.1496 3.1496) (end 3.1496 -3.1496) (layer F.Fab) (width 0.15))
    (pad 2 smd rect (at 2.7 0) (size 3.5 1.6) (layers F.Cu F.Paste F.Mask)
      (net 2 GND))
    (pad 1 smd rect (at -2.7 0) (size 3.5 1.6) (layers F.Cu F.Paste F.Mask)
      (net 1 VIN))
    (model Capacitors_SMD.3dshapes/c_elec_6.3x5.3.wrl
      (at (xyz 0 0 0))
      (scale (xyz 1 1 1))
      (rotate (xyz 0 0 180))
    )
  )

  (module Capacitors_SMD:C_0805 (layer F.Cu) (tedit 58AA8463) (tstamp 60051167)
    (at 164.44976 111.90732 270)
    (descr "Capacitor SMD 0805, reflow soldering, AVX (see smccp.pdf)")
    (tags "capacitor 0805")
    (path /600B2D55)
    (attr smd)
    (fp_text reference C1 (at 0.09268 1.54976 90) (layer F.SilkS)
      (effects (font (size 1 1) (thickness 0.15)))
    )
    (fp_text value 100nF (at 0 1.75 90) (layer F.Fab)
      (effects (font (size 1 1) (thickness 0.15)))
    )
    (fp_text user %R (at 0 -1.5 90) (layer F.Fab)
      (effects (font (size 1 1) (thickness 0.15)))
    )
    (fp_line (start -1 0.62) (end -1 -0.62) (layer F.Fab) (width 0.1))
    (fp_line (start 1 0.62) (end -1 0.62) (layer F.Fab) (width 0.1))
    (fp_line (start 1 -0.62) (end 1 0.62) (layer F.Fab) (width 0.1))
    (fp_line (start -1 -0.62) (end 1 -0.62) (layer F.Fab) (width 0.1))
    (fp_line (start 0.5 -0.85) (end -0.5 -0.85) (layer F.SilkS) (width 0.12))
    (fp_line (start -0.5 0.85) (end 0.5 0.85) (layer F.SilkS) (width 0.12))
    (fp_line (start -1.75 -0.88) (end 1.75 -0.88) (layer F.CrtYd) (width 0.05))
    (fp_line (start -1.75 -0.88) (end -1.75 0.87) (layer F.CrtYd) (width 0.05))
    (fp_line (start 1.75 0.87) (end 1.75 -0.88) (layer F.CrtYd) (width 0.05))
    (fp_line (start 1.75 0.87) (end -1.75 0.87) (layer F.CrtYd) (width 0.05))
    (pad 1 smd rect (at -1 0 270) (size 1 1.25) (layers F.Cu F.Paste F.Mask)
      (net 1 VIN))
    (pad 2 smd rect (at 1 0 270) (size 1 1.25) (layers F.Cu F.Paste F.Mask)
      (net 2 GND))
    (model Capacitors_SMD.3dshapes/C_0805.wrl
      (at (xyz 0 0 0))
      (scale (xyz 1 1 1))
      (rotate (xyz 0 0 0))
    )
  )

  (module Capacitors_SMD:C_0805 (layer F.Cu) (tedit 58AA8463) (tstamp 60051178)
    (at 159.37484 102.64572 90)
    (descr "Capacitor SMD 0805, reflow soldering, AVX (see smccp.pdf)")
    (tags "capacitor 0805")
    (path /60081461)
    (attr smd)
    (fp_text reference C2 (at -2.87928 -0.04984 90) (layer F.SilkS)
      (effects (font (size 1 1) (thickness 0.15)))
    )
    (fp_text value 100nF (at 0 1.75 90) (layer F.Fab)
      (effects (font (size 1 1) (thickness 0.15)))
    )
    (fp_text user %R (at 0 -1.5 90) (layer F.Fab)
      (effects (font (size 1 1) (thickness 0.15)))
    )
    (fp_line (start -1 0.62) (end -1 -0.62) (layer F.Fab) (width 0.1))
    (fp_line (start 1 0.62) (end -1 0.62) (layer F.Fab) (width 0.1))
    (fp_line (start 1 -0.62) (end 1 0.62) (layer F.Fab) (width 0.1))
    (fp_line (start -1 -0.62) (end 1 -0.62) (layer F.Fab) (width 0.1))
    (fp_line (start 0.5 -0.85) (end -0.5 -0.85) (layer F.SilkS) (width 0.12))
    (fp_line (start -0.5 0.85) (end 0.5 0.85) (layer F.SilkS) (width 0.12))
    (fp_line (start -1.75 -0.88) (end 1.75 -0.88) (layer F.CrtYd) (width 0.05))
    (fp_line (start -1.75 -0.88) (end -1.75 0.87) (layer F.CrtYd) (width 0.05))
    (fp_line (start 1.75 0.87) (end 1.75 -0.88) (layer F.CrtYd) (width 0.05))
    (fp_line (start 1.75 0.87) (end -1.75 0.87) (layer F.CrtYd) (width 0.05))
    (pad 1 smd rect (at -1 0 90) (size 1 1.25) (layers F.Cu F.Paste F.Mask)
      (net 3 VCC))
    (pad 2 smd rect (at 1 0 90) (size 1 1.25) (layers F.Cu F.Paste F.Mask)
      (net 2 GND))
    (model Capacitors_SMD.3dshapes/C_0805.wrl
      (at (xyz 0 0 0))
      (scale (xyz 1 1 1))
      (rotate (xyz 0 0 0))
    )
  )

  (module Capacitors_SMD:C_0805 (layer F.Cu) (tedit 58AA8463) (tstamp 600511A5)
    (at 164.48532 108.204 270)
    (descr "Capacitor SMD 0805, reflow soldering, AVX (see smccp.pdf)")
    (tags "capacitor 0805")
    (path /6008147F)
    (attr smd)
    (fp_text reference C4 (at 0 1.48532 90) (layer F.SilkS)
      (effects (font (size 1 1) (thickness 0.15)))
    )
    (fp_text value 4.7uF (at 0 1.75 90) (layer F.Fab)
      (effects (font (size 1 1) (thickness 0.15)))
    )
    (fp_line (start 1.75 0.87) (end -1.75 0.87) (layer F.CrtYd) (width 0.05))
    (fp_line (start 1.75 0.87) (end 1.75 -0.88) (layer F.CrtYd) (width 0.05))
    (fp_line (start -1.75 -0.88) (end -1.75 0.87) (layer F.CrtYd) (width 0.05))
    (fp_line (start -1.75 -0.88) (end 1.75 -0.88) (layer F.CrtYd) (width 0.05))
    (fp_line (start -0.5 0.85) (end 0.5 0.85) (layer F.SilkS) (width 0.12))
    (fp_line (start 0.5 -0.85) (end -0.5 -0.85) (layer F.SilkS) (width 0.12))
    (fp_line (start -1 -0.62) (end 1 -0.62) (layer F.Fab) (width 0.1))
    (fp_line (start 1 -0.62) (end 1 0.62) (layer F.Fab) (width 0.1))
    (fp_line (start 1 0.62) (end -1 0.62) (layer F.Fab) (width 0.1))
    (fp_line (start -1 0.62) (end -1 -0.62) (layer F.Fab) (width 0.1))
    (fp_text user %R (at 0 -1.5 90) (layer F.Fab)
      (effects (font (size 1 1) (thickness 0.15)))
    )
    (pad 2 smd rect (at 1 0 270) (size 1 1.25) (layers F.Cu F.Paste F.Mask)
      (net 2 GND))
    (pad 1 smd rect (at -1 0 270) (size 1 1.25) (layers F.Cu F.Paste F.Mask)
      (net 4 "Net-(C4-Pad1)"))
    (model Capacitors_SMD.3dshapes/C_0805.wrl
      (at (xyz 0 0 0))
      (scale (xyz 1 1 1))
      (rotate (xyz 0 0 0))
    )
  )

  (module Capacitors_SMD:C_0805 (layer F.Cu) (tedit 58AA8463) (tstamp 600511B6)
    (at 151.88692 109.347 90)
    (descr "Capacitor SMD 0805, reflow soldering, AVX (see smccp.pdf)")
    (tags "capacitor 0805")
    (path /600B2D5F)
    (attr smd)
    (fp_text reference C5 (at 0 -1.5 90) (layer F.SilkS)
      (effects (font (size 1 1) (thickness 0.15)))
    )
    (fp_text value 100nF (at 0 1.75 90) (layer F.Fab)
      (effects (font (size 1 1) (thickness 0.15)))
    )
    (fp_line (start 1.75 0.87) (end -1.75 0.87) (layer F.CrtYd) (width 0.05))
    (fp_line (start 1.75 0.87) (end 1.75 -0.88) (layer F.CrtYd) (width 0.05))
    (fp_line (start -1.75 -0.88) (end -1.75 0.87) (layer F.CrtYd) (width 0.05))
    (fp_line (start -1.75 -0.88) (end 1.75 -0.88) (layer F.CrtYd) (width 0.05))
    (fp_line (start -0.5 0.85) (end 0.5 0.85) (layer F.SilkS) (width 0.12))
    (fp_line (start 0.5 -0.85) (end -0.5 -0.85) (layer F.SilkS) (width 0.12))
    (fp_line (start -1 -0.62) (end 1 -0.62) (layer F.Fab) (width 0.1))
    (fp_line (start 1 -0.62) (end 1 0.62) (layer F.Fab) (width 0.1))
    (fp_line (start 1 0.62) (end -1 0.62) (layer F.Fab) (width 0.1))
    (fp_line (start -1 0.62) (end -1 -0.62) (layer F.Fab) (width 0.1))
    (fp_text user %R (at 0 -1.5 90) (layer F.Fab)
      (effects (font (size 1 1) (thickness 0.15)))
    )
    (pad 2 smd rect (at 1 0 90) (size 1 1.25) (layers F.Cu F.Paste F.Mask)
      (net 2 GND))
    (pad 1 smd rect (at -1 0 90) (size 1 1.25) (layers F.Cu F.Paste F.Mask)
      (net 1 VIN))
    (model Capacitors_SMD.3dshapes/C_0805.wrl
      (at (xyz 0 0 0))
      (scale (xyz 1 1 1))
      (rotate (xyz 0 0 0))
    )
  )

  (module Capacitors_SMD:C_0805 (layer F.Cu) (tedit 58AA8463) (tstamp 600511C7)
    (at 140.29944 102.67188 90)
    (descr "Capacitor SMD 0805, reflow soldering, AVX (see smccp.pdf)")
    (tags "capacitor 0805")
    (path /5FFF6BD8)
    (attr smd)
    (fp_text reference C6 (at 2.67188 0.20056 90) (layer F.SilkS)
      (effects (font (size 1 1) (thickness 0.15)))
    )
    (fp_text value 100nF (at 0 1.75 90) (layer F.Fab)
      (effects (font (size 1 1) (thickness 0.15)))
    )
    (fp_text user %R (at 0 -1.5 90) (layer F.Fab)
      (effects (font (size 1 1) (thickness 0.15)))
    )
    (fp_line (start -1 0.62) (end -1 -0.62) (layer F.Fab) (width 0.1))
    (fp_line (start 1 0.62) (end -1 0.62) (layer F.Fab) (width 0.1))
    (fp_line (start 1 -0.62) (end 1 0.62) (layer F.Fab) (width 0.1))
    (fp_line (start -1 -0.62) (end 1 -0.62) (layer F.Fab) (width 0.1))
    (fp_line (start 0.5 -0.85) (end -0.5 -0.85) (layer F.SilkS) (width 0.12))
    (fp_line (start -0.5 0.85) (end 0.5 0.85) (layer F.SilkS) (width 0.12))
    (fp_line (start -1.75 -0.88) (end 1.75 -0.88) (layer F.CrtYd) (width 0.05))
    (fp_line (start -1.75 -0.88) (end -1.75 0.87) (layer F.CrtYd) (width 0.05))
    (fp_line (start 1.75 0.87) (end 1.75 -0.88) (layer F.CrtYd) (width 0.05))
    (fp_line (start 1.75 0.87) (end -1.75 0.87) (layer F.CrtYd) (width 0.05))
    (pad 1 smd rect (at -1 0 90) (size 1 1.25) (layers F.Cu F.Paste F.Mask)
      (net 3 VCC))
    (pad 2 smd rect (at 1 0 90) (size 1 1.25) (layers F.Cu F.Paste F.Mask)
      (net 2 GND))
    (model Capacitors_SMD.3dshapes/C_0805.wrl
      (at (xyz 0 0 0))
      (scale (xyz 1 1 1))
      (rotate (xyz 0 0 0))
    )
  )

  (module Capacitors_SMD:C_0805 (layer F.Cu) (tedit 58AA8463) (tstamp 600511D8)
    (at 129.85496 108.23448 270)
    (descr "Capacitor SMD 0805, reflow soldering, AVX (see smccp.pdf)")
    (tags "capacitor 0805")
    (path /600683DF)
    (attr smd)
    (fp_text reference C7 (at 0 -1.64504 90) (layer F.SilkS)
      (effects (font (size 1 1) (thickness 0.15)))
    )
    (fp_text value 4.7uF (at 0 1.75 90) (layer F.Fab)
      (effects (font (size 1 1) (thickness 0.15)))
    )
    (fp_line (start 1.75 0.87) (end -1.75 0.87) (layer F.CrtYd) (width 0.05))
    (fp_line (start 1.75 0.87) (end 1.75 -0.88) (layer F.CrtYd) (width 0.05))
    (fp_line (start -1.75 -0.88) (end -1.75 0.87) (layer F.CrtYd) (width 0.05))
    (fp_line (start -1.75 -0.88) (end 1.75 -0.88) (layer F.CrtYd) (width 0.05))
    (fp_line (start -0.5 0.85) (end 0.5 0.85) (layer F.SilkS) (width 0.12))
    (fp_line (start 0.5 -0.85) (end -0.5 -0.85) (layer F.SilkS) (width 0.12))
    (fp_line (start -1 -0.62) (end 1 -0.62) (layer F.Fab) (width 0.1))
    (fp_line (start 1 -0.62) (end 1 0.62) (layer F.Fab) (width 0.1))
    (fp_line (start 1 0.62) (end -1 0.62) (layer F.Fab) (width 0.1))
    (fp_line (start -1 0.62) (end -1 -0.62) (layer F.Fab) (width 0.1))
    (fp_text user %R (at 0 -1.5 90) (layer F.Fab)
      (effects (font (size 1 1) (thickness 0.15)))
    )
    (pad 2 smd rect (at 1 0 270) (size 1 1.25) (layers F.Cu F.Paste F.Mask)
      (net 2 GND))
    (pad 1 smd rect (at -1 0 270) (size 1 1.25) (layers F.Cu F.Paste F.Mask)
      (net 5 "Net-(C7-Pad1)"))
    (model Capacitors_SMD.3dshapes/C_0805.wrl
      (at (xyz 0 0 0))
      (scale (xyz 1 1 1))
      (rotate (xyz 0 0 0))
    )
  )

  (module Capacitors_SMD:C_0805 (layer F.Cu) (tedit 58AA8463) (tstamp 6008572A)
    (at 129.85496 111.92256 270)
    (descr "Capacitor SMD 0805, reflow soldering, AVX (see smccp.pdf)")
    (tags "capacitor 0805")
    (path /6008D549)
    (attr smd)
    (fp_text reference C8 (at 0 -1.64504 90) (layer F.SilkS)
      (effects (font (size 1 1) (thickness 0.15)))
    )
    (fp_text value 100nF (at 0 1.75 90) (layer F.Fab)
      (effects (font (size 1 1) (thickness 0.15)))
    )
    (fp_text user %R (at 0 -1.5 90) (layer F.Fab)
      (effects (font (size 1 1) (thickness 0.15)))
    )
    (fp_line (start -1 0.62) (end -1 -0.62) (layer F.Fab) (width 0.1))
    (fp_line (start 1 0.62) (end -1 0.62) (layer F.Fab) (width 0.1))
    (fp_line (start 1 -0.62) (end 1 0.62) (layer F.Fab) (width 0.1))
    (fp_line (start -1 -0.62) (end 1 -0.62) (layer F.Fab) (width 0.1))
    (fp_line (start 0.5 -0.85) (end -0.5 -0.85) (layer F.SilkS) (width 0.12))
    (fp_line (start -0.5 0.85) (end 0.5 0.85) (layer F.SilkS) (width 0.12))
    (fp_line (start -1.75 -0.88) (end 1.75 -0.88) (layer F.CrtYd) (width 0.05))
    (fp_line (start -1.75 -0.88) (end -1.75 0.87) (layer F.CrtYd) (width 0.05))
    (fp_line (start 1.75 0.87) (end 1.75 -0.88) (layer F.CrtYd) (width 0.05))
    (fp_line (start 1.75 0.87) (end -1.75 0.87) (layer F.CrtYd) (width 0.05))
    (pad 1 smd rect (at -1 0 270) (size 1 1.25) (layers F.Cu F.Paste F.Mask)
      (net 1 VIN))
    (pad 2 smd rect (at 1 0 270) (size 1 1.25) (layers F.Cu F.Paste F.Mask)
      (net 2 GND))
    (model Capacitors_SMD.3dshapes/C_0805.wrl
      (at (xyz 0 0 0))
      (scale (xyz 1 1 1))
      (rotate (xyz 0 0 0))
    )
  )

  (module Capacitors_SMD:C_0805 (layer F.Cu) (tedit 58AA8463) (tstamp 60051216)
    (at 142.45844 109.347 90)
    (descr "Capacitor SMD 0805, reflow soldering, AVX (see smccp.pdf)")
    (tags "capacitor 0805")
    (path /6008DB55)
    (attr smd)
    (fp_text reference C10 (at -0.153 2.04156 90) (layer F.SilkS)
      (effects (font (size 1 1) (thickness 0.15)))
    )
    (fp_text value 100nF (at 0 1.75 90) (layer F.Fab)
      (effects (font (size 1 1) (thickness 0.15)))
    )
    (fp_line (start 1.75 0.87) (end -1.75 0.87) (layer F.CrtYd) (width 0.05))
    (fp_line (start 1.75 0.87) (end 1.75 -0.88) (layer F.CrtYd) (width 0.05))
    (fp_line (start -1.75 -0.88) (end -1.75 0.87) (layer F.CrtYd) (width 0.05))
    (fp_line (start -1.75 -0.88) (end 1.75 -0.88) (layer F.CrtYd) (width 0.05))
    (fp_line (start -0.5 0.85) (end 0.5 0.85) (layer F.SilkS) (width 0.12))
    (fp_line (start 0.5 -0.85) (end -0.5 -0.85) (layer F.SilkS) (width 0.12))
    (fp_line (start -1 -0.62) (end 1 -0.62) (layer F.Fab) (width 0.1))
    (fp_line (start 1 -0.62) (end 1 0.62) (layer F.Fab) (width 0.1))
    (fp_line (start 1 0.62) (end -1 0.62) (layer F.Fab) (width 0.1))
    (fp_line (start -1 0.62) (end -1 -0.62) (layer F.Fab) (width 0.1))
    (fp_text user %R (at 0 -1.5 90) (layer F.Fab)
      (effects (font (size 1 1) (thickness 0.15)))
    )
    (pad 2 smd rect (at 1 0 90) (size 1 1.25) (layers F.Cu F.Paste F.Mask)
      (net 2 GND))
    (pad 1 smd rect (at -1 0 90) (size 1 1.25) (layers F.Cu F.Paste F.Mask)
      (net 1 VIN))
    (model Capacitors_SMD.3dshapes/C_0805.wrl
      (at (xyz 0 0 0))
      (scale (xyz 1 1 1))
      (rotate (xyz 0 0 0))
    )
  )

  (module LEDs:LED_0805 (layer F.Cu) (tedit 59959803) (tstamp 6005122C)
    (at 134.55396 96.77908 90)
    (descr "LED 0805 smd package")
    (tags "LED led 0805 SMD smd SMT smt smdled SMDLED smtled SMTLED")
    (path /600D1BFF)
    (attr smd)
    (fp_text reference D1 (at 0 -1.45 90) (layer F.SilkS)
      (effects (font (size 1 1) (thickness 0.15)))
    )
    (fp_text value "Relay On" (at 0 1.55 90) (layer F.Fab)
      (effects (font (size 1 1) (thickness 0.15)))
    )
    (fp_line (start -1.8 -0.7) (end -1.8 0.7) (layer F.SilkS) (width 0.12))
    (fp_line (start -0.4 -0.4) (end -0.4 0.4) (layer F.Fab) (width 0.1))
    (fp_line (start -0.4 0) (end 0.2 -0.4) (layer F.Fab) (width 0.1))
    (fp_line (start 0.2 0.4) (end -0.4 0) (layer F.Fab) (width 0.1))
    (fp_line (start 0.2 -0.4) (end 0.2 0.4) (layer F.Fab) (width 0.1))
    (fp_line (start 1 0.6) (end -1 0.6) (layer F.Fab) (width 0.1))
    (fp_line (start 1 -0.6) (end 1 0.6) (layer F.Fab) (width 0.1))
    (fp_line (start -1 -0.6) (end 1 -0.6) (layer F.Fab) (width 0.1))
    (fp_line (start -1 0.6) (end -1 -0.6) (layer F.Fab) (width 0.1))
    (fp_line (start -1.8 0.7) (end 1 0.7) (layer F.SilkS) (width 0.12))
    (fp_line (start -1.8 -0.7) (end 1 -0.7) (layer F.SilkS) (width 0.12))
    (fp_line (start 1.95 -0.85) (end 1.95 0.85) (layer F.CrtYd) (width 0.05))
    (fp_line (start 1.95 0.85) (end -1.95 0.85) (layer F.CrtYd) (width 0.05))
    (fp_line (start -1.95 0.85) (end -1.95 -0.85) (layer F.CrtYd) (width 0.05))
    (fp_line (start -1.95 -0.85) (end 1.95 -0.85) (layer F.CrtYd) (width 0.05))
    (fp_text user %R (at 0 -1.25 90) (layer F.Fab)
      (effects (font (size 0.4 0.4) (thickness 0.1)))
    )
    (pad 2 smd rect (at 1.1 0 270) (size 1.2 1.2) (layers F.Cu F.Paste F.Mask)
      (net 6 "Net-(D1-Pad2)"))
    (pad 1 smd rect (at -1.1 0 270) (size 1.2 1.2) (layers F.Cu F.Paste F.Mask)
      (net 7 RELAY_SIG))
    (model ${KISYS3DMOD}/LEDs.3dshapes/LED_0805.wrl
      (at (xyz 0 0 0))
      (scale (xyz 1 1 1))
      (rotate (xyz 0 0 180))
    )
  )

  (module Diodes_SMD:D_SMA (layer F.Cu) (tedit 586432E5) (tstamp 60051244)
    (at 147.01012 96.43364 180)
    (descr "Diode SMA (DO-214AC)")
    (tags "Diode SMA (DO-214AC)")
    (path /600CAEBA)
    (attr smd)
    (fp_text reference D2 (at 0 -2.5) (layer F.SilkS)
      (effects (font (size 1 1) (thickness 0.15)))
    )
    (fp_text value 1N4007 (at 0 2.6) (layer F.Fab)
      (effects (font (size 1 1) (thickness 0.15)))
    )
    (fp_text user %R (at 0 -2.5) (layer F.Fab)
      (effects (font (size 1 1) (thickness 0.15)))
    )
    (fp_line (start -3.4 -1.65) (end -3.4 1.65) (layer F.SilkS) (width 0.12))
    (fp_line (start 2.3 1.5) (end -2.3 1.5) (layer F.Fab) (width 0.1))
    (fp_line (start -2.3 1.5) (end -2.3 -1.5) (layer F.Fab) (width 0.1))
    (fp_line (start 2.3 -1.5) (end 2.3 1.5) (layer F.Fab) (width 0.1))
    (fp_line (start 2.3 -1.5) (end -2.3 -1.5) (layer F.Fab) (width 0.1))
    (fp_line (start -3.5 -1.75) (end 3.5 -1.75) (layer F.CrtYd) (width 0.05))
    (fp_line (start 3.5 -1.75) (end 3.5 1.75) (layer F.CrtYd) (width 0.05))
    (fp_line (start 3.5 1.75) (end -3.5 1.75) (layer F.CrtYd) (width 0.05))
    (fp_line (start -3.5 1.75) (end -3.5 -1.75) (layer F.CrtYd) (width 0.05))
    (fp_line (start -0.64944 0.00102) (end -1.55114 0.00102) (layer F.Fab) (width 0.1))
    (fp_line (start 0.50118 0.00102) (end 1.4994 0.00102) (layer F.Fab) (width 0.1))
    (fp_line (start -0.64944 -0.79908) (end -0.64944 0.80112) (layer F.Fab) (width 0.1))
    (fp_line (start 0.50118 0.75032) (end 0.50118 -0.79908) (layer F.Fab) (width 0.1))
    (fp_line (start -0.64944 0.00102) (end 0.50118 0.75032) (layer F.Fab) (width 0.1))
    (fp_line (start -0.64944 0.00102) (end 0.50118 -0.79908) (layer F.Fab) (width 0.1))
    (fp_line (start -3.4 1.65) (end 2 1.65) (layer F.SilkS) (width 0.12))
    (fp_line (start -3.4 -1.65) (end 2 -1.65) (layer F.SilkS) (width 0.12))
    (pad 1 smd rect (at -2 0 180) (size 2.5 1.8) (layers F.Cu F.Paste F.Mask)
      (net 8 +12V))
    (pad 2 smd rect (at 2 0 180) (size 2.5 1.8) (layers F.Cu F.Paste F.Mask)
      (net 9 "Net-(D2-Pad2)"))
    (model ${KISYS3DMOD}/Diodes_SMD.3dshapes/D_SMA.wrl
      (at (xyz 0 0 0))
      (scale (xyz 1 1 1))
      (rotate (xyz 0 0 0))
    )
  )

  (module Relays_THT:Relay_SPDT_OMRON-G5LE-1 (layer F.Cu) (tedit 59A98DAB) (tstamp 60051266)
    (at 159.14624 85.36432 270)
    (descr "Omron Relay SPDT, http://www.omron.com/ecb/products/pdf/en-g5le.pdf")
    (tags "Omron Relay SPDT")
    (path /600CD0A0)
    (fp_text reference K1 (at 0 -3.8 90) (layer F.SilkS)
      (effects (font (size 1 1) (thickness 0.15)))
    )
    (fp_text value G5LE-1 (at 0 20.95 90) (layer F.Fab)
      (effects (font (size 1 1) (thickness 0.15)))
    )
    (fp_line (start 0 -1.55) (end 1 -2.55) (layer F.Fab) (width 0.1))
    (fp_line (start 1 -2.55) (end 8.25 -2.55) (layer F.Fab) (width 0.1))
    (fp_line (start 8.25 -2.55) (end 8.25 19.95) (layer F.Fab) (width 0.1))
    (fp_line (start 8.25 19.95) (end -8.25 19.95) (layer F.Fab) (width 0.1))
    (fp_line (start -8.25 19.95) (end -8.25 -2.55) (layer F.Fab) (width 0.1))
    (fp_line (start -8.25 -2.55) (end -1 -2.55) (layer F.Fab) (width 0.1))
    (fp_line (start -1 -2.55) (end 0 -1.55) (layer F.Fab) (width 0.1))
    (fp_line (start -4.5 2) (end 4.5 2) (layer F.Fab) (width 0.1))
    (fp_line (start 8.35 20.05) (end 8.35 -2.65) (layer F.SilkS) (width 0.12))
    (fp_line (start 8.35 -2.65) (end -8.35 -2.65) (layer F.SilkS) (width 0.12))
    (fp_line (start -8.35 -2.65) (end -8.35 20.05) (layer F.SilkS) (width 0.12))
    (fp_line (start -8.35 20.05) (end 8.35 20.05) (layer F.SilkS) (width 0.12))
    (fp_line (start -0.35 2.4) (end 0.35 2) (layer F.SilkS) (width 0.12))
    (fp_line (start 0.35 2.8) (end 0.35 1.6) (layer F.SilkS) (width 0.12))
    (fp_line (start 0.35 1.6) (end -0.35 1.6) (layer F.SilkS) (width 0.12))
    (fp_line (start -0.35 1.6) (end -0.35 2.8) (layer F.SilkS) (width 0.12))
    (fp_line (start -0.35 2.8) (end 0.35 2.8) (layer F.SilkS) (width 0.12))
    (fp_line (start -1 -2.91) (end 1 -2.91) (layer F.SilkS) (width 0.12))
    (fp_line (start -4.5 2.2) (end -1.35 2.2) (layer F.SilkS) (width 0.12))
    (fp_line (start 1.35 2.2) (end 4.5 2.2) (layer F.SilkS) (width 0.12))
    (fp_line (start 8.5 20.2) (end 8.5 -2.8) (layer F.CrtYd) (width 0.05))
    (fp_line (start 8.5 -2.8) (end -8.5 -2.8) (layer F.CrtYd) (width 0.05))
    (fp_line (start -8.5 -2.8) (end -8.5 20.2) (layer F.CrtYd) (width 0.05))
    (fp_line (start -8.5 20.2) (end 8.5 20.2) (layer F.CrtYd) (width 0.05))
    (fp_text user %R (at 0 8.7 90) (layer F.Fab)
      (effects (font (size 1 1) (thickness 0.15)))
    )
    (pad 1 thru_hole rect (at 0 0 270) (size 2.5 2.5) (drill 1.3) (layers *.Cu *.Mask)
      (net 10 COM))
    (pad 2 thru_hole oval (at -6 2 270) (size 2.5 2.5) (drill 1.3) (layers *.Cu *.Mask)
      (net 9 "Net-(D2-Pad2)"))
    (pad 3 thru_hole oval (at -6 14.2 270) (size 2.5 2.5) (drill 1.3) (layers *.Cu *.Mask)
      (net 11 NO))
    (pad 4 thru_hole oval (at 6 14.2 270) (size 2.5 2.5) (drill 1.3) (layers *.Cu *.Mask)
      (net 12 NC))
    (pad 5 thru_hole oval (at 6 2 270) (size 2.5 2.5) (drill 1.3) (layers *.Cu *.Mask)
      (net 8 +12V))
    (model ${KISYS3DMOD}/Relays_THT.3dshapes/Relay_SPDT_OMRON-G5LE-1.wrl
      (at (xyz 0 0 0))
      (scale (xyz 1 1 1))
      (rotate (xyz 0 0 0))
    )
  )

  (module TerminalBlock:TerminalBlock_bornier-2_P5.08mm (layer F.Cu) (tedit 59FF03AB) (tstamp 6005127B)
    (at 161.93516 72.8472 180)
    (descr "simple 2-pin terminal block, pitch 5.08mm, revamped version of bornier2")
    (tags "terminal block bornier2")
    (path /60085B48)
    (fp_text reference P1 (at 8.45312 0.15748 90) (layer F.SilkS)
      (effects (font (size 1 1) (thickness 0.15)))
    )
    (fp_text value RELAY_OUT (at 2.54 5.08) (layer F.Fab)
      (effects (font (size 1 1) (thickness 0.15)))
    )
    (fp_text user %R (at 2.54 0) (layer F.Fab)
      (effects (font (size 1 1) (thickness 0.15)))
    )
    (fp_line (start -2.41 2.55) (end 7.49 2.55) (layer F.Fab) (width 0.1))
    (fp_line (start -2.46 -3.75) (end -2.46 3.75) (layer F.Fab) (width 0.1))
    (fp_line (start -2.46 3.75) (end 7.54 3.75) (layer F.Fab) (width 0.1))
    (fp_line (start 7.54 3.75) (end 7.54 -3.75) (layer F.Fab) (width 0.1))
    (fp_line (start 7.54 -3.75) (end -2.46 -3.75) (layer F.Fab) (width 0.1))
    (fp_line (start 7.62 2.54) (end -2.54 2.54) (layer F.SilkS) (width 0.12))
    (fp_line (start 7.62 3.81) (end 7.62 -3.81) (layer F.SilkS) (width 0.12))
    (fp_line (start 7.62 -3.81) (end -2.54 -3.81) (layer F.SilkS) (width 0.12))
    (fp_line (start -2.54 -3.81) (end -2.54 3.81) (layer F.SilkS) (width 0.12))
    (fp_line (start -2.54 3.81) (end 7.62 3.81) (layer F.SilkS) (width 0.12))
    (fp_line (start -2.71 -4) (end 7.79 -4) (layer F.CrtYd) (width 0.05))
    (fp_line (start -2.71 -4) (end -2.71 4) (layer F.CrtYd) (width 0.05))
    (fp_line (start 7.79 4) (end 7.79 -4) (layer F.CrtYd) (width 0.05))
    (fp_line (start 7.79 4) (end -2.71 4) (layer F.CrtYd) (width 0.05))
    (pad 1 thru_hole rect (at 0 0 180) (size 3 3) (drill 1.52) (layers *.Cu *.Mask)
      (net 11 NO))
    (pad 2 thru_hole circle (at 5.08 0 180) (size 3 3) (drill 1.52) (layers *.Cu *.Mask)
      (net 10 COM))
    (model ${KISYS3DMOD}/Terminal_Blocks.3dshapes/TerminalBlock_bornier-2_P5.08mm.wrl
      (offset (xyz 2.539999961853027 0 0))
      (scale (xyz 1 1 1))
      (rotate (xyz 0 0 0))
    )
  )

  (module TerminalBlock:TerminalBlock_bornier-2_P5.08mm (layer F.Cu) (tedit 59FF03AB) (tstamp 60051290)
    (at 136.88568 72.8472 180)
    (descr "simple 2-pin terminal block, pitch 5.08mm, revamped version of bornier2")
    (tags "terminal block bornier2")
    (path /600A6952)
    (fp_text reference P2 (at -3.40868 -0.02032 90) (layer F.SilkS)
      (effects (font (size 1 1) (thickness 0.15)))
    )
    (fp_text value MOSFET_OUT (at 2.54 5.08) (layer F.Fab)
      (effects (font (size 1 1) (thickness 0.15)))
    )
    (fp_line (start 7.79 4) (end -2.71 4) (layer F.CrtYd) (width 0.05))
    (fp_line (start 7.79 4) (end 7.79 -4) (layer F.CrtYd) (width 0.05))
    (fp_line (start -2.71 -4) (end -2.71 4) (layer F.CrtYd) (width 0.05))
    (fp_line (start -2.71 -4) (end 7.79 -4) (layer F.CrtYd) (width 0.05))
    (fp_line (start -2.54 3.81) (end 7.62 3.81) (layer F.SilkS) (width 0.12))
    (fp_line (start -2.54 -3.81) (end -2.54 3.81) (layer F.SilkS) (width 0.12))
    (fp_line (start 7.62 -3.81) (end -2.54 -3.81) (layer F.SilkS) (width 0.12))
    (fp_line (start 7.62 3.81) (end 7.62 -3.81) (layer F.SilkS) (width 0.12))
    (fp_line (start 7.62 2.54) (end -2.54 2.54) (layer F.SilkS) (width 0.12))
    (fp_line (start 7.54 -3.75) (end -2.46 -3.75) (layer F.Fab) (width 0.1))
    (fp_line (start 7.54 3.75) (end 7.54 -3.75) (layer F.Fab) (width 0.1))
    (fp_line (start -2.46 3.75) (end 7.54 3.75) (layer F.Fab) (width 0.1))
    (fp_line (start -2.46 -3.75) (end -2.46 3.75) (layer F.Fab) (width 0.1))
    (fp_line (start -2.41 2.55) (end 7.49 2.55) (layer F.Fab) (width 0.1))
    (fp_text user %R (at 2.54 0) (layer F.Fab)
      (effects (font (size 1 1) (thickness 0.15)))
    )
    (pad 2 thru_hole circle (at 5.08 0 180) (size 3 3) (drill 1.52) (layers *.Cu *.Mask)
      (net 2 GND))
    (pad 1 thru_hole rect (at 0 0 180) (size 3 3) (drill 1.52) (layers *.Cu *.Mask)
      (net 13 OUT-))
    (model ${KISYS3DMOD}/Terminal_Blocks.3dshapes/TerminalBlock_bornier-2_P5.08mm.wrl
      (offset (xyz 2.539999961853027 0 0))
      (scale (xyz 1 1 1))
      (rotate (xyz 0 0 0))
    )
  )

  (module Connectors_Molex:Molex_Microfit3_Header_02x02_Angled_43045-040x (layer F.Cu) (tedit 55BBA850) (tstamp 600512B0)
    (at 148.6408 127.45212)
    (descr "Microfit_02x02 header angled 43045-0400")
    (tags "connector Microfit 02x02 angled 3mm pitch")
    (path /601C5F23)
    (fp_text reference P4 (at 3.1842 -5.12712) (layer F.SilkS)
      (effects (font (size 1 1) (thickness 0.15)))
    )
    (fp_text value MOTOR_POWER (at -2 -6) (layer F.Fab)
      (effects (font (size 1 1) (thickness 0.15)))
    )
    (fp_line (start -7.2 -4.55) (end -7.2 9.2) (layer F.CrtYd) (width 0.05))
    (fp_line (start -7.2 9.2) (end 4.2 9.2) (layer F.CrtYd) (width 0.05))
    (fp_line (start 4.2 9.2) (end 4.2 -4.55) (layer F.CrtYd) (width 0.05))
    (fp_line (start 4.2 -4.55) (end -7.2 -4.55) (layer F.CrtYd) (width 0.05))
    (fp_line (start -7 9) (end -7 -4.35) (layer F.SilkS) (width 0.12))
    (fp_line (start -7 -4.35) (end 4 -4.35) (layer F.SilkS) (width 0.12))
    (fp_line (start 4 -4.35) (end 4 9) (layer F.SilkS) (width 0.12))
    (fp_line (start 4 9) (end -7 9) (layer F.SilkS) (width 0.12))
    (pad 3 thru_hole circle (at 0 -3) (size 1.5 1.5) (drill 1.1) (layers *.Cu *.Mask)
      (net 1 VIN))
    (pad 1 thru_hole circle (at 0 0) (size 1.5 1.5) (drill 1.1) (layers *.Cu *.Mask)
      (net 1 VIN))
    (pad 4 thru_hole circle (at -3 -3) (size 1.5 1.5) (drill 1.1) (layers *.Cu *.Mask)
      (net 2 GND))
    (pad 2 thru_hole circle (at -3 0) (size 1.5 1.5) (drill 1.1) (layers *.Cu *.Mask)
      (net 2 GND))
    (pad "" np_thru_hole circle (at -1.5 4.32) (size 3.1 3.1) (drill 3.1) (layers *.Cu *.Mask))
    (model ${KISYS3DMOD}/Connectors_Molex.3dshapes/Molex_Microfit3_Header_02x02_Angled_43045-040x.wrl
      (at (xyz 0 0 0))
      (scale (xyz 1 1 1))
      (rotate (xyz 0 0 0))
    )
  )

  (module Pin_Headers:Pin_Header_Straight_1x15_Pitch2.54mm (layer F.Cu) (tedit 59650532) (tstamp 600512D3)
    (at 126.48692 77.77988)
