(kicad_pcb (version 20171130) (host pcbnew 5.1.5+dfsg1-2build2)

  (general
    (thickness 1.6)
    (drawings 2216)
    (tracks 1787)
    (zones 0)
    (modules 133)
    (nets 152)
  )

  (page A4)
  (layers
    (0 F.Cu signal)
    (31 B.Cu signal)
    (32 B.Adhes user)
    (33 F.Adhes user)
    (34 B.Paste user)
    (35 F.Paste user)
    (36 B.SilkS user)
    (37 F.SilkS user)
    (38 B.Mask user)
    (39 F.Mask user)
    (40 Dwgs.User user)
    (41 Cmts.User user)
    (42 Eco1.User user)
    (43 Eco2.User user)
    (44 Edge.Cuts user)
    (45 Margin user hide)
    (46 B.CrtYd user)
    (47 F.CrtYd user)
    (48 B.Fab user)
    (49 F.Fab user)
  )

  (setup
    (last_trace_width 0.25)
    (user_trace_width 0.1524)
    (user_trace_width 0.2)
    (user_trace_width 0.25)
    (user_trace_width 0.3)
    (user_trace_width 0.4)
    (user_trace_width 0.5)
    (user_trace_width 0.6)
    (user_trace_width 0.8)
    (user_trace_width 1)
    (user_trace_width 1.2)
    (user_trace_width 1.5)
    (user_trace_width 2)
    (trace_clearance 0.254)
    (zone_clearance 0.1524)
    (zone_45_only no)
    (trace_min 0.1524)
    (via_size 0.6858)
    (via_drill 0.3302)
    (via_min_size 0.6858)
    (via_min_drill 0.3302)
    (uvia_size 0.508)
    (uvia_drill 0.127)
    (uvias_allowed no)
    (uvia_min_size 0.508)
    (uvia_min_drill 0.127)
    (edge_width 0.127)
    (segment_width 0.127)
    (pcb_text_width 0.127)
    (pcb_text_size 0.6 0.6)
    (mod_edge_width 0.127)
    (mod_text_size 0.6 0.6)
    (mod_text_width 0.127)
    (pad_size 1.524 1.524)
    (pad_drill 0.762)
    (pad_to_mask_clearance 0.05)
    (pad_to_paste_clearance -0.04)
    (aux_axis_origin 0 0)
    (visible_elements FFFFFF7F)
    (pcbplotparams
      (layerselection 0x3ffff_80000001)
      (usegerberextensions true)
      (usegerberattributes true)
      (usegerberadvancedattributes false)
      (creategerberjobfile false)
      (excludeedgelayer true)
      (linewidth 0.127000)
      (plotframeref false)
      (viasonmask false)
      (mode 1)
      (useauxorigin false)
      (hpglpennumber 1)
      (hpglpenspeed 20)
      (hpglpendiameter 15.000000)
      (psnegative false)
      (psa4output false)
      (plotreference true)
      (plotvalue true)
      (plotinvisibletext false)
      (padsonsilk false)
      (subtractmaskfromsilk false)
      (outputformat 1)
      (mirror false)
      (drillshape 0)
      (scaleselection 1)
      (outputdirectory "CAM/"))
  )

  (net 0 "")
  (net 1 GND)
  (net 2 VIN)
  (net 3 VCC)
  (net 4 "Net-(C11-Pad1)")
  (net 5 "Net-(C12-Pad1)")
  (net 6 "Net-(C24-Pad1)")
  (net 7 "Net-(C25-Pad1)")
  (net 8 "Net-(C36-Pad1)")
  (net 9 "Net-(C37-Pad1)")
  (net 10 "Net-(C48-Pad1)")
  (net 11 "Net-(C49-Pad1)")
  (net 12 A0)
  (net 13 A1)
  (net 14 A2)
  (net 15 A3)
  (net 16 A4)
  (net 17 A5)
  (net 18 OUT1_5)
  (net 19 OUT2_5)
  (net 20 OUT2_1)
  (net 21 OUT1_1)
  (net 22 OUT2_2)
  (net 23 OUT1_2)
  (net 24 OUT1_6)
  (net 25 OUT2_6)
  (net 26 "Net-(P5-Pad2)")
  (net 27 "Net-(P5-Pad1)")
  (net 28 "Net-(P6-Pad1)")
  (net 29 SCL)
  (net 30 SDA)
  (net 31 OUT2_7)
  (net 32 OUT1_7)
  (net 33 OUT1_3)
  (net 34 OUT2_3)
  (net 35 OUT1_8)
  (net 36 OUT2_8)
  (net 37 OUT2_4)
  (net 38 OUT1_4)
  (net 39 "Net-(R2-Pad1)")
  (net 40 ENB)
  (net 41 "Net-(R7-Pad1)")
  (net 42 PWM1_5)
  (net 43 "Net-(R8-Pad1)")
  (net 44 "Net-(R10-Pad1)")
  (net 45 PWM1_1)
  (net 46 "Net-(R11-Pad1)")
  (net 47 "Net-(R13-Pad1)")
  (net 48 "Net-(R15-Pad1)")
  (net 49 EN)
  (net 50 "Net-(R16-Pad1)")
  (net 51 PWM2_5)
  (net 52 "Net-(R17-Pad1)")
  (net 53 "Net-(R18-Pad1)")
  (net 54 PWM2_1)
  (net 55 "Net-(R33-Pad1)")
  (net 56 PWM1_2)
  (net 57 "Net-(R34-Pad1)")
  (net 58 "Net-(R36-Pad1)")
  (net 59 PWM1_6)
  (net 60 "Net-(R37-Pad1)")
  (net 61 "Net-(R39-Pad1)")
  (net 62 "Net-(R40-Pad1)")
  (net 63 "Net-(R41-Pad1)")
  (net 64 "Net-(R42-Pad1)")
  (net 65 PWM2_2)
  (net 66 "Net-(R43-Pad1)")
  (net 67 "Net-(R44-Pad1)")
  (net 68 PWM2_6)
  (net 69 OE)
  (net 70 PWM1_3)
  (net 71 PWM2_3)
  (net 72 PWM1_4)
  (net 73 PWM2_4)
  (net 74 PWM1_7)
  (net 75 PWM2_7)
  (net 76 PWM1_8)
  (net 77 PWM2_8)
  (net 78 "Net-(R71-Pad1)")
  (net 79 "Net-(R72-Pad1)")
  (net 80 "Net-(R74-Pad1)")
  (net 81 "Net-(R75-Pad1)")
  (net 82 "Net-(R77-Pad1)")
  (net 83 "Net-(R78-Pad1)")
  (net 84 "Net-(R80-Pad1)")
  (net 85 "Net-(R81-Pad1)")
  (net 86 "Net-(R82-Pad1)")
  (net 87 "Net-(R83-Pad1)")
  (net 88 "Net-(R92-Pad1)")
  (net 89 "Net-(R93-Pad1)")
  (net 90 "Net-(R95-Pad1)")
  (net 91 "Net-(R96-Pad1)")
  (net 92 "Net-(R98-Pad1)")
  (net 93 "Net-(R99-Pad1)")
  (net 94 "Net-(R100-Pad1)")
  (net 95 "Net-(R101-Pad1)")
  (net 96 "Net-(R102-Pad1)")
  (net 97 "Net-(R103-Pad1)")
  (net 98 "Net-(U1-Pad26)")
  (net 99 "Net-(U1-Pad10)")
  (net 100 "Net-(U1-Pad6)")
  (net 101 "Net-(U2-Pad26)")
  (net 102 "Net-(U2-Pad10)")
  (net 103 "Net-(U2-Pad6)")
  (net 104 "Net-(U3-Pad6)")
  (net 105 "Net-(U3-Pad10)")
  (net 106 "Net-(U3-Pad26)")
  (net 107 "Net-(U4-Pad26)")
  (net 108 "Net-(U4-Pad10)")
  (net 109 "Net-(U4-Pad6)")
  (net 110 "Net-(U5-Pad6)")
  (net 111 "Net-(U5-Pad10)")
  (net 112 "Net-(U5-Pad26)")
  (net 113 "Net-(U6-Pad26)")
  (net 114 "Net-(U6-Pad10)")
  (net 115 "Net-(U6-Pad6)")
  (net 116 "Net-(U7-Pad6)")
  (net 117 "Net-(U7-Pad10)")
  (net 118 "Net-(U7-Pad26)")
  (net 119 "Net-(U8-Pad6)")
  (net 120 "Net-(U8-Pad10)")
  (net 121 "Net-(U8-Pad26)")
  (net 122 DIAG)
  (net 123 "Net-(U1-Pad7)")
  (net 124 "Net-(U2-Pad7)")
  (net 125 "Net-(U3-Pad7)")
  (net 126 "Net-(U4-Pad7)")
  (net 127 "Net-(U5-Pad7)")
  (net 128 "Net-(U6-Pad7)")
  (net 129 "Net-(U7-Pad7)")
  (net 130 "Net-(U8-Pad7)")
  (net 131 "Net-(P5-Pad3)")
  (net 132 "Net-(P5-Pad5)")
  (net 133 "Net-(P5-Pad6)")
  (net 134 "Net-(P5-Pad11)")
  (net 135 "Net-(P5-Pad12)")
  (net 136 "Net-(P5-Pad13)")
  (net 137 "Net-(P5-Pad14)")
  (net 138 "Net-(P5-Pad15)")
  (net 139 "Net-(P6-Pad15)")
  (net 140 "Net-(P6-Pad14)")
  (net 141 "Net-(P6-Pad13)")
  (net 142 "Net-(P6-Pad12)")
  (net 143 "Net-(P6-Pad11)")
  (net 144 "Net-(P6-Pad10)")
  (net 145 "Net-(P6-Pad9)")
  (net 146 "Net-(P6-Pad6)")
  (net 147 "Net-(P6-Pad5)")
  (net 148 "Net-(P6-Pad3)")
  (net 149 "Net-(D1-Pad1)")
  (net 150 GNDA)
  (net 151 DIAG_READ)

  (net_class Default "Dit is de standaard class."
    (clearance 0.254)
    (trace_width 0.254)
    (via_dia 0.6858)
    (via_drill 0.3302)
    (uvia_dia 0.508)
    (uvia_drill 0.127)
    (add_net A0)
    (add_net A1)
    (add_net A2)
    (add_net A3)
    (add_net A4)
    (add_net A5)
    (add_net DIAG)
    (add_net DIAG_READ)
    (add_net EN)
    (add_net ENB)
    (add_net GND)
    (add_net GNDA)
    (add_net "Net-(C11-Pad1)")
    (add_net "Net-(C12-Pad1)")
    (add_net "Net-(C24-Pad1)")
    (add_net "Net-(C25-Pad1)")
    (add_net "Net-(C36-Pad1)")
    (add_net "Net-(C37-Pad1)")
    (add_net "Net-(C48-Pad1)")
    (add_net "Net-(C49-Pad1)")
    (add_net "Net-(D1-Pad1)")
    (add_net "Net-(P5-Pad1)")
    (add_net "Net-(P5-Pad11)")
    (add_net "Net-(P5-Pad12)")
    (add_net "Net-(P5-Pad13)")
    (add_net "Net-(P5-Pad14)")
    (add_net "Net-(P5-Pad15)")
    (add_net "Net-(P5-Pad2)")
    (add_net "Net-(P5-Pad3)")
    (add_net "Net-(P5-Pad5)")
    (add_net "Net-(P5-Pad6)")
    (add_net "Net-(P6-Pad1)")
    (add_net "Net-(P6-Pad10)")
    (add_net "Net-(P6-Pad11)")
    (add_net "Net-(P6-Pad12)")
    (add_net "Net-(P6-Pad13)")
    (add_net "Net-(P6-Pad14)")
    (add_net "Net-(P6-Pad15)")
    (add_net "Net-(P6-Pad3)")
    (add_net "Net-(P6-Pad5)")
    (add_net "Net-(P6-Pad6)")
    (add_net "Net-(P6-Pad9)")
    (add_net "Net-(R10-Pad1)")
    (add_net "Net-(R100-Pad1)")
    (add_net "Net-(R101-Pad1)")
    (add_net "Net-(R102-Pad1)")
    (add_net "Net-(R103-Pad1)")
    (add_net "Net-(R11-Pad1)")
    (add_net "Net-(R13-Pad1)")
    (add_net "Net-(R15-Pad1)")
    (add_net "Net-(R16-Pad1)")
    (add_net "Net-(R17-Pad1)")
    (add_net "Net-(R18-Pad1)")
    (add_net "Net-(R2-Pad1)")
    (add_net "Net-(R33-Pad1)")
    (add_net "Net-(R34-Pad1)")
    (add_net "Net-(R36-Pad1)")
    (add_net "Net-(R37-Pad1)")
    (add_net "Net-(R39-Pad1)")
    (add_net "Net-(R40-Pad1)")
    (add_net "Net-(R41-Pad1)")
    (add_net "Net-(R42-Pad1)")
    (add_net "Net-(R43-Pad1)")
    (add_net "Net-(R44-Pad1)")
    (add_net "Net-(R7-Pad1)")
    (add_net "Net-(R71-Pad1)")
    (add_net "Net-(R72-Pad1)")
    (add_net "Net-(R74-Pad1)")
    (add_net "Net-(R75-Pad1)")
    (add_net "Net-(R77-Pad1)")
    (add_net "Net-(R78-Pad1)")
    (add_net "Net-(R8-Pad1)")
    (add_net "Net-(R80-Pad1)")
    (add_net "Net-(R81-Pad1)")
    (add_net "Net-(R82-Pad1)")
    (add_net "Net-(R83-Pad1)")
    (add_net "Net-(R92-Pad1)")
    (add_net "Net-(R93-Pad1)")
    (add_net "Net-(R95-Pad1)")
    (add_net "Net-(R96-Pad1)")
    (add_net "Net-(R98-Pad1)")
    (add_net "Net-(R99-Pad1)")
    (add_net "Net-(U1-Pad10)")
    (add_net "Net-(U1-Pad26)")
    (add_net "Net-(U1-Pad6)")
    (add_net "Net-(U1-Pad7)")
    (add_net "Net-(U2-Pad10)")
    (add_net "Net-(U2-Pad26)")
    (add_net "Net-(U2-Pad6)")
    (add_net "Net-(U2-Pad7)")
    (add_net "Net-(U3-Pad10)")
    (add_net "Net-(U3-Pad26)")
    (add_net "Net-(U3-Pad6)")
    (add_net "Net-(U3-Pad7)")
    (add_net "Net-(U4-Pad10)")
    (add_net "Net-(U4-Pad26)")
    (add_net "Net-(U4-Pad6)")
    (add_net "Net-(U4-Pad7)")
    (add_net "Net-(U5-Pad10)")
    (add_net "Net-(U5-Pad26)")
    (add_net "Net-(U5-Pad6)")
    (add_net "Net-(U5-Pad7)")
    (add_net "Net-(U6-Pad10)")
    (add_net "Net-(U6-Pad26)")
    (add_net "Net-(U6-Pad6)")
    (add_net "Net-(U6-Pad7)")
    (add_net "Net-(U7-Pad10)")
    (add_net "Net-(U7-Pad26)")
    (add_net "Net-(U7-Pad6)")
    (add_net "Net-(U7-Pad7)")
    (add_net "Net-(U8-Pad10)")
    (add_net "Net-(U8-Pad26)")
    (add_net "Net-(U8-Pad6)")
    (add_net "Net-(U8-Pad7)")
    (add_net OE)
    (add_net OUT1_1)
    (add_net OUT1_2)
    (add_net OUT1_3)
    (add_net OUT1_4)
    (add_net OUT1_5)
    (add_net OUT1_6)
    (add_net OUT1_7)
    (add_net OUT1_8)
    (add_net OUT2_1)
    (add_net OUT2_2)
    (add_net OUT2_3)
    (add_net OUT2_4)
    (add_net OUT2_5)
    (add_net OUT2_6)
    (add_net OUT2_7)
    (add_net OUT2_8)
    (add_net PWM1_1)
    (add_net PWM1_2)
    (add_net PWM1_3)
    (add_net PWM1_4)
    (add_net PWM1_5)
    (add_net PWM1_6)
    (add_net PWM1_7)
    (add_net PWM1_8)
    (add_net PWM2_1)
    (add_net PWM2_2)
    (add_net PWM2_3)
    (add_net PWM2_4)
    (add_net PWM2_5)
    (add_net PWM2_6)
    (add_net PWM2_7)
    (add_net PWM2_8)
    (add_net SCL)
    (add_net SDA)
    (add_net VCC)
    (add_net VIN)
  )

  (net_class 0.2mm ""
    (clearance 0.2)
    (trace_width 0.2)
    (via_dia 0.6858)
    (via_drill 0.3302)
    (uvia_dia 0.508)
    (uvia_drill 0.127)
  )

  (net_class Minimal ""
    (clearance 0.1524)
    (trace_width 0.1524)
    (via_dia 0.6858)
    (via_drill 0.3302)
    (uvia_dia 0.508)
    (uvia_drill 0.127)
  )

  (module Mounting_Holes:MountingHole_3.2mm_M3 (layer F.Cu) (tedit 56D1B4CB) (tstamp 5FFF0404)
    (at 194.8004 112.23)
    (descr "Mounting Hole 3.2mm, no annular, M3")
    (tags "mounting hole 3.2mm no annular m3")
    (attr virtual)
    (fp_text reference REF** (at 0 -4.2) (layer F.SilkS) hide
      (effects (font (size 1 1) (thickness 0.15)))
    )
    (fp_text value MountingHole_3.2mm_M3 (at 0 4.2) (layer F.Fab)
      (effects (font (size 1 1) (thickness 0.15)))
    )
    (fp_circle (center 0 0) (end 3.45 0) (layer F.CrtYd) (width 0.05))
    (fp_circle (center 0 0) (end 3.2 0) (layer Cmts.User) (width 0.15))
    (fp_text user %R (at 0.3 0) (layer F.Fab)
      (effects (font (size 1 1) (thickness 0.15)))
    )
    (pad 1 np_thru_hole circle (at 0 0) (size 3.2 3.2) (drill 3.2) (layers *.Cu *.Mask))
  )

  (module Mounting_Holes:MountingHole_3.2mm_M3 (layer F.Cu) (tedit 56D1B4CB) (tstamp 5FFF03F6)
    (at 104.8004 112.23)
    (descr "Mounting Hole 3.2mm, no annular, M3")
    (tags "mounting hole 3.2mm no annular m3")
    (attr virtual)
    (fp_text reference REF** (at 0 -4.2) (layer F.SilkS) hide
      (effects (font (size 1 1) (thickness 0.15)))
    )
    (fp_text value MountingHole_3.2mm_M3 (at 0 4.2) (layer F.Fab)
      (effects (font (size 1 1) (thickness 0.15)))
    )
    (fp_circle (center 0 0) (end 3.45 0) (layer F.CrtYd) (width 0.05))
    (fp_circle (center 0 0) (end 3.2 0) (layer Cmts.User) (width 0.15))
    (fp_text user %R (at 0.3 0) (layer F.Fab)
      (effects (font (size 1 1) (thickness 0.15)))
    )
    (pad 1 np_thru_hole circle (at 0 0) (size 3.2 3.2) (drill 3.2) (layers *.Cu *.Mask))
  )

  (module Mounting_Holes:MountingHole_3.2mm_M3 (layer F.Cu) (tedit 56D1B4CB) (tstamp 5FFF03E8)
    (at 194.8004 62.23)
    (descr "Mounting Hole 3.2mm, no annular, M3")
    (tags "mounting hole 3.2mm no annular m3")
    (attr virtual)
    (fp_text reference REF** (at 0 -4.2) (layer F.SilkS) hide
      (effects (font (size 1 1) (thickness 0.15)))
    )
    (fp_text value MountingHole_3.2mm_M3 (at 0 4.2) (layer F.Fab)
      (effects (font (size 1 1) (thickness 0.15)))
    )
    (fp_circle (center 0 0) (end 3.45 0) (layer F.CrtYd) (width 0.05))
    (fp_circle (center 0 0) (end 3.2 0) (layer Cmts.User) (width 0.15))
    (fp_text user %R (at 0.3 0) (layer F.Fab)
      (effects (font (size 1 1) (thickness 0.15)))
    )
    (pad 1 np_thru_hole circle (at 0 0) (size 3.2 3.2) (drill 3.2) (layers *.Cu *.Mask))
  )

  (module Mounting_Holes:MountingHole_3.2mm_M3 (layer F.Cu) (tedit 56D1B4CB) (tstamp 5FFF0393)
    (at 104.8004 62.23)
    (descr "Mounting Hole 3.2mm, no annular, M3")
    (tags "mounting hole 3.2mm no annular m3")
    (attr virtual)
    (fp_text reference REF** (at 0 -4.2) (layer F.SilkS) hide
      (effects (font (size 1 1) (thickness 0.15)))
    )
    (fp_text value MountingHole_3.2mm_M3 (at 0 4.2) (layer F.Fab)
      (effects (font (size 1 1) (thickness 0.15)))
    )
    (fp_text user %R (at 0.3 0) (layer F.Fab)
      (effects (font (size 1 1) (thickness 0.15)))
    )
    (fp_circle (center 0 0) (end 3.2 0) (layer Cmts.User) (width 0.15))
    (fp_circle (center 0 0) (end 3.45 0) (layer F.CrtYd) (width 0.05))
    (pad 1 np_thru_hole circle (at 0 0) (size 3.2 3.2) (drill 3.2) (layers *.Cu *.Mask))
  )

  (module Capacitors_SMD:C_0805 (layer F.Cu) (tedit 58AA8463) (tstamp 5FF7D9A8)
    (at 128.4732 133.8707 90)
    (descr "Capacitor SMD 0805, reflow soldering, AVX (see smccp.pdf)")
    (tags "capacitor 0805")
    (path /600238B2)
    (attr smd)
    (fp_text reference C3 (at 0 -1.5 90) (layer F.SilkS)
      (effects (font (size 1 1) (thickness 0.15)))
    )
    (fp_text value 100nF (at 0 1.75 90) (layer F.Fab)
      (effects (font (size 1 1) (thickness 0.15)))
    )
    (fp_line (start 1.75 0.87) (end -1.75 0.87) (layer F.CrtYd) (width 0.05))
    (fp_line (start 1.75 0.87) (end 1.75 -0.88) (layer F.CrtYd) (width 0.05))
    (fp_line (start -1.75 -0.88) (end -1.75 0.87) (layer F.CrtYd) (width 0.05))
    (fp_line (start -1.75 -0.88) (end 1.75 -0.88) (layer F.CrtYd) (width 0.05))
    (fp_line (start -0.5 0.85) (end 0.5 0.85) (layer F.SilkS) (width 0.12))
    (fp_line (start 0.5 -0.85) (end -0.5 -0.85) (layer F.SilkS) (width 0.12))
    (fp_line (start -1 -0.62) (end 1 -0.62) (layer F.Fab) (width 0.1))
    (fp_line (start 1 -0.62) (end 1 0.62) (layer F.Fab) (width 0.1))
    (fp_line (start 1 0.62) (end -1 0.62) (layer F.Fab) (width 0.1))
    (fp_line (start -1 0.62) (end -1 -0.62) (layer F.Fab) (width 0.1))
    (fp_text user %R (at 0 -1.5 90) (layer F.Fab)
      (effects (font (size 1 1) (thickness 0.15)))
    )
    (pad 2 smd rect (at 1 0 90) (size 1 1.25) (layers F.Cu F.Paste F.Mask)
      (net 1 GND))
    (pad 1 smd rect (at -1 0 90) (size 1 1.25) (layers F.Cu F.Paste F.Mask)
      (net 2 VIN))
    (model Capacitors_SMD.3dshapes/C_0805.wrl
      (at (xyz 0 0 0))
      (scale (xyz 1 1 1))
      (rotate (xyz 0 0 0))
    )
  )

  (module Capacitors_SMD:C_0805 (layer F.Cu) (tedit 58AA8463) (tstamp 5FFE8E86)
    (at 176.7586 45.3804 270)
    (descr "Capacitor SMD 0805, reflow soldering, AVX (see smccp.pdf)")
    (tags "capacitor 0805")
    (path /5FF6EFF5)
    (attr smd)
    (fp_text reference C4 (at 0 -1.5 90) (layer F.SilkS)
      (effects (font (size 1 1) (thickness 0.15)))
    )
    (fp_text value 100nF (at 0 1.75 90) (layer F.Fab)
      (effects (font (size 1 1) (thickness 0.15)))
    )
    (fp_text user %R (at 0 -1.5 90) (layer F.Fab)
      (effects (font (size 1 1) (thickness 0.15)))
    )
    (fp_line (start -1 0.62) (end -1 -0.62) (layer F.Fab) (width 0.1))
    (fp_line (start 1 0.62) (end -1 0.62) (layer F.Fab) (width 0.1))
    (fp_line (start 1 -0.62) (end 1 0.62) (layer F.Fab) (width 0.1))
    (fp_line (start -1 -0.62) (end 1 -0.62) (layer F.Fab) (width 0.1))
    (fp_line (start 0.5 -0.85) (end -0.5 -0.85) (layer F.SilkS) (width 0.12))
    (fp_line (start -0.5 0.85) (end 0.5 0.85) (layer F.SilkS) (width 0.12))
    (fp_line (start -1.75 -0.88) (end 1.75 -0.88) (layer F.CrtYd) (width 0.05))
    (fp_line (start -1.75 -0.88) (end -1.75 0.87) (layer F.CrtYd) (width 0.05))
    (fp_line (start 1.75 0.87) (end 1.75 -0.88) (layer F.CrtYd) (width 0.05))
    (fp_line (start 1.75 0.87) (end -1.75 0.87) (layer F.CrtYd) (width 0.05))
    (pad 1 smd rect (at -1 0 270) (size 1 1.25) (layers F.Cu F.Paste F.Mask)
      (net 2 VIN))
    (pad 2 smd rect (at 1 0 270) (size 1 1.25) (layers F.Cu F.Paste F.Mask)
      (net 1 GND))
    (model Capacitors_SMD.3dshapes/C_0805.wrl
      (at (xyz 0 0 0))
      (scale (xyz 1 1 1))
      (rotate (xyz 0 0 0))
    )
  )

  (module Capacitors_SMD:c_elec_6.3x4.5 (layer F.Cu) (tedit 57FA4558) (tstamp 5FF7D9D5)
    (at 133.2484 132.1816 90)
    (descr "SMT capacitor, aluminium electrolytic, 6.3x4.5")
    (path /6002387D)
    (attr smd)
    (fp_text reference C5 (at 0 4.5593 90) (layer F.SilkS)
      (effects (font (size 1 1) (thickness 0.15)))
    )
    (fp_text value 47uF (at 0 -4.5593 90) (layer F.Fab)
      (effects (font (size 1 1) (thickness 0.15)))
    )
    (fp_line (start 3.1496 3.1496) (end 3.1496 -3.1496) (layer F.Fab) (width 0.15))
    (fp_line (start -2.4765 3.1496) (end 3.1496 3.1496) (layer F.Fab) (width 0.15))
    (fp_line (start -3.1496 2.4765) (end -2.4765 3.1496) (layer F.Fab) (width 0.15))
    (fp_line (start -3.1496 -2.4765) (end -3.1496 2.4765) (layer F.Fab) (width 0.15))
    (fp_line (start -2.4765 -3.1496) (end -3.1496 -2.4765) (layer F.Fab) (width 0.15))
    (fp_line (start 3.1496 -3.1496) (end -2.4765 -3.1496) (layer F.Fab) (width 0.15))
    (fp_text user + (at -1.7272 -0.0762 90) (layer F.Fab)
      (effects (font (size 1 1) (thickness 0.15)))
    )
    (fp_arc (start 0 0) (end 2.8321 1.1176) (angle 136.9297483) (layer F.SilkS) (width 0.15))
    (fp_arc (start 0 0) (end -2.8321 -1.1176) (angle 136.9770428) (layer F.SilkS) (width 0.15))
    (fp_line (start 3.302 3.302) (end 3.302 1.1176) (layer F.SilkS) (width 0.15))
    (fp_line (start 3.302 -3.302) (end 3.302 -1.1176) (layer F.SilkS) (width 0.15))
    (fp_line (start -3.302 2.54) (end -3.302 1.1176) (layer F.SilkS) (width 0.15))
    (fp_line (start -3.302 -2.54) (end -3.302 -1.1176) (layer F.SilkS) (width 0.15))
    (fp_text user + (at -4.2799 2.9591 90) (layer F.SilkS)
      (effects (font (size 1 1) (thickness 0.15)))
    )
    (fp_line (start 4.85 -3.6) (end -4.85 -3.6) (layer F.CrtYd) (width 0.05))
    (fp_line (start -4.85 -3.6) (end -4.85 3.6) (layer F.CrtYd) (width 0.05))
    (fp_line (start -4.85 3.6) (end 4.85 3.6) (layer F.CrtYd) (width 0.05))
    (fp_line (start 4.85 3.6) (end 4.85 -3.6) (layer F.CrtYd) (width 0.05))
    (fp_line (start 3.302 3.302) (end -2.54 3.302) (layer F.SilkS) (width 0.15))
    (fp_line (start -2.54 3.302) (end -3.302 2.54) (layer F.SilkS) (width 0.15))
    (fp_line (start -3.302 -2.54) (end -2.54 -3.302) (layer F.SilkS) (width 0.15))
    (fp_line (start -2.54 -3.302) (end 3.302 -3.302) (layer F.SilkS) (width 0.15))
    (pad 1 smd rect (at -2.7 0 270) (size 3.5 1.6) (layers F.Cu F.Paste F.Mask)
      (net 2 VIN))
    (pad 2 smd rect (at 2.7 0 270) (size 3.5 1.6) (layers F.Cu F.Paste F.Mask)
      (net 1 GND))
    (model Capacitors_SMD.3dshapes/c_elec_6.3x4.5.wrl
      (at (xyz 0 0 0))
      (scale (xyz 1 1 1))
      (rotate (xyz 0 0 180))
    )
  )

  (module Capacitors_SMD:c_elec_6.3x4.5 (layer F.Cu) (tedit 57FA4558) (tstamp 5FFE8EC7)
    (at 169.900599 48.4124 270)
    (descr "SMT capacitor, aluminium electrolytic, 6.3x4.5")
    (path /5FF4FB63)
    (attr smd)
    (fp_text reference C6 (at 0 4.5593 90) (layer F.SilkS)
      (effects (font (size 1 1) (thickness 0.15)))
    )
    (fp_text value 47uF (at 0 -4.5593 90) (layer F.Fab)
      (effects (font (size 1 1) (thickness 0.15)))
    )
    (fp_line (start -2.54 -3.302) (end 3.302 -3.302) (layer F.SilkS) (width 0.15))
    (fp_line (start -3.302 -2.54) (end -2.54 -3.302) (layer F.SilkS) (width 0.15))
    (fp_line (start -2.54 3.302) (end -3.302 2.54) (layer F.SilkS) (width 0.15))
    (fp_line (start 3.302 3.302) (end -2.54 3.302) (layer F.SilkS) (width 0.15))
    (fp_line (start 4.85 3.6) (end 4.85 -3.6) (layer F.CrtYd) (width 0.05))
    (fp_line (start -4.85 3.6) (end 4.85 3.6) (layer F.CrtYd) (width 0.05))
    (fp_line (start -4.85 -3.6) (end -4.85 3.6) (layer F.CrtYd) (width 0.05))
    (fp_line (start 4.85 -3.6) (end -4.85 -3.6) (layer F.CrtYd) (width 0.05))
    (fp_text user + (at -4.2799 2.9591 90) (layer F.SilkS)
      (effects (font (size 1 1) (thickness 0.15)))
    )
    (fp_line (start -3.302 -2.54) (end -3.302 -1.1176) (layer F.SilkS) (width 0.15))
    (fp_line (start -3.302 2.54) (end -3.302 1.1176) (layer F.SilkS) (width 0.15))
    (fp_line (start 3.302 -3.302) (end 3.302 -1.1176) (layer F.SilkS) (width 0.15))
    (fp_line (start 3.302 3.302) (end 3.302 1.1176) (layer F.SilkS) (width 0.15))
    (fp_arc (start 0 0) (end -2.8321 -1.1176) (angle 136.9770428) (layer F.SilkS) (width 0.15))
    (fp_arc (start 0 0) (end 2.8321 1.1176) (angle 136.9297483) (layer F.SilkS) (width 0.15))
    (fp_text user + (at -1.7272 -0.0762 90) (layer F.Fab)
      (effects (font (size 1 1) (thickness 0.15)))
    )
    (fp_line (start 3.1496 -3.1496) (end -2.4765 -3.1496) (layer F.Fab) (width 0.15))
    (fp_line (start -2.4765 -3.1496) (end -3.1496 -2.4765) (layer F.Fab) (width 0.15))
    (fp_line (start -3.1496 -2.4765) (end -3.1496 2.4765) (layer F.Fab) (width 0.15))
    (fp_line (start -3.1496 2.4765) (end -2.4765 3.1496) (layer F.Fab) (width 0.15))
    (fp_line (start -2.4765 3.1496) (end 3.1496 3.1496) (layer F.Fab) (width 0.15))
    (fp_line (start 3.1496 3.1496) (end 3.1496 -3.1496) (layer F.Fab) (width 0.15))
    (pad 2 smd rect (at 2.7 0 90) (size 3.5 1.6) (layers F.Cu F.Paste F.Mask)
      (net 1 GND))
    (pad 1 smd rect (at -2.7 0 90) (size 3.5 1.6) (layers F.Cu F.Paste F.Mask)
      (net 2 VIN))
    (model Capacitors_SMD.3dshapes/c_elec_6.3x4.5.wrl
      (at (xyz 0 0 0))
      (scale (xyz 1 1 1))
      (rotate (xyz 0 0 180))
    )
  )

  (module Capacitors_SMD:C_0805 (layer F.Cu) (tedit 58AA8463) (tstamp 5FF7DA02)
    (at 126.4412 133.8707 90)
    (descr "Capacitor SMD 0805, reflow soldering, AVX (see smccp.pdf)")
    (tags "capacitor 0805")
    (path /600238BC)
    (attr smd)
    (fp_text reference C7 (at 0 -1.5 90) (layer F.SilkS)
      (effects (font (size 1 1) (thickness 0.15)))
    )
    (fp_text value 100nF (at 0 1.75 90) (layer F.Fab)
      (effects (font (size 1 1) (thickness 0.15)))
    )
    (fp_text user %R (at 0 -1.5 90) (layer F.Fab)
      (effects (font (size 1 1) (thickness 0.15)))
    )
    (fp_line (start -1 0.62) (end -1 -0.62) (layer F.Fab) (width 0.1))
    (fp_line (start 1 0.62) (end -1 0.62) (layer F.Fab) (width 0.1))
    (fp_line (start 1 -0.62) (end 1 0.62) (layer F.Fab) (width 0.1))
    (fp_line (start -1 -0.62) (end 1 -0.62) (layer F.Fab) (width 0.1))
    (fp_line (start 0.5 -0.85) (end -0.5 -0.85) (layer F.SilkS) (width 0.12))
    (fp_line (start -0.5 0.85) (end 0.5 0.85) (layer F.SilkS) (width 0.12))
    (fp_line (start -1.75 -0.88) (end 1.75 -0.88) (layer F.CrtYd) (width 0.05))
    (fp_line (start -1.75 -0.88) (end -1.75 0.87) (layer F.CrtYd) (width 0.05))
    (fp_line (start 1.75 0.87) (end 1.75 -0.88) (layer F.CrtYd) (width 0.05))
    (fp_line (start 1.75 0.87) (end -1.75 0.87) (layer F.CrtYd) (width 0.05))
    (pad 1 smd rect (at -1 0 90) (size 1 1.25) (layers F.Cu F.Paste F.Mask)
      (net 2 VIN))
    (pad 2 smd rect (at 1 0 90) (size 1 1.25) (layers F.Cu F.Paste F.Mask)
      (net 1 GND))
    (model Capacitors_SMD.3dshapes/C_0805.wrl
      (at (xyz 0 0 0))
      (scale (xyz 1 1 1))
      (rotate (xyz 0 0 0))
    )
  )

  (module Capacitors_SMD:C_0805 (layer F.Cu) (tedit 58AA8463) (tstamp 5FFE8F0D)
    (at 174.7266 45.3644 270)
    (descr "Capacitor SMD 0805, reflow soldering, AVX (see smccp.pdf)")
    (tags "capacitor 0805")
    (path /5FF6F77A)
    (attr smd)
    (fp_text reference C8 (at 0 -1.5 90) (layer F.SilkS)
      (effects (font (size 1 1) (thickness 0.15)))
    )
    (fp_text value 100nF (at 0 1.75 90) (layer F.Fab)
      (effects (font (size 1 1) (thickness 0.15)))
    )
    (fp_line (start 1.75 0.87) (end -1.75 0.87) (layer F.CrtYd) (width 0.05))
    (fp_line (start 1.75 0.87) (end 1.75 -0.88) (layer F.CrtYd) (width 0.05))
    (fp_line (start -1.75 -0.88) (end -1.75 0.87) (layer F.CrtYd) (width 0.05))
    (fp_line (start -1.75 -0.88) (end 1.75 -0.88) (layer F.CrtYd) (width 0.05))
    (fp_line (start -0.5 0.85) (end 0.5 0.85) (layer F.SilkS) (width 0.12))
    (fp_line (start 0.5 -0.85) (end -0.5 -0.85) (layer F.SilkS) (width 0.12))
    (fp_line (start -1 -0.62) (end 1 -0.62) (layer F.Fab) (width 0.1))
    (fp_line (start 1 -0.62) (end 1 0.62) (layer F.Fab) (width 0.1))
    (fp_line (start 1 0.62) (end -1 0.62) (layer F.Fab) (width 0.1))
    (fp_line (start -1 0.62) (end -1 -0.62) (layer F.Fab) (width 0.1))
    (fp_text user %R (at 0 -1.5 90) (layer F.Fab)
      (effects (font (size 1 1) (thickness 0.15)))
    )
    (pad 2 smd rect (at 1 0 270) (size 1 1.25) (layers F.Cu F.Paste F.Mask)
      (net 1 GND))
    (pad 1 smd rect (at -1 0 270) (size 1 1.25) (layers F.Cu F.Paste F.Mask)
      (net 2 VIN))
    (model Capacitors_SMD.3dshapes/C_0805.wrl
      (at (xyz 0 0 0))
      (scale (xyz 1 1 1))
      (rotate (xyz 0 0 0))
    )
  )

  (module Capacitors_SMD:C_0805 (layer F.Cu) (tedit 58AA8463) (tstamp 5FF7DA24)
    (at 122.2883 131.4196 270)
    (descr "Capacitor SMD 0805, reflow soldering, AVX (see smccp.pdf)")
    (tags "capacitor 0805")
    (path /60023887)
    (attr smd)
    (fp_text reference C9 (at 0 -1.5 90) (layer F.SilkS)
      (effects (font (size 1 1) (thickness 0.15)))
    )
    (fp_text value 100nF (at 0 1.75 90) (layer F.Fab)
      (effects (font (size 1 1) (thickness 0.15)))
    )
    (fp_line (start 1.75 0.87) (end -1.75 0.87) (layer F.CrtYd) (width 0.05))
    (fp_line (start 1.75 0.87) (end 1.75 -0.88) (layer F.CrtYd) (width 0.05))
    (fp_line (start -1.75 -0.88) (end -1.75 0.87) (layer F.CrtYd) (width 0.05))
    (fp_line (start -1.75 -0.88) (end 1.75 -0.88) (layer F.CrtYd) (width 0.05))
    (fp_line (start -0.5 0.85) (end 0.5 0.85) (layer F.SilkS) (width 0.12))
    (fp_line (start 0.5 -0.85) (end -0.5 -0.85) (layer F.SilkS) (width 0.12))
    (fp_line (start -1 -0.62) (end 1 -0.62) (layer F.Fab) (width 0.1))
    (fp_line (start 1 -0.62) (end 1 0.62) (layer F.Fab) (width 0.1))
    (fp_line (start 1 0.62) (end -1 0.62) (layer F.Fab) (width 0.1))
    (fp_line (start -1 0.62) (end -1 -0.62) (layer F.Fab) (width 0.1))
    (fp_text user %R (at 0 -1.5 90) (layer F.Fab)
      (effects (font (size 1 1) (thickness 0.15)))
    )
    (pad 2 smd rect (at 1 0 270) (size 1 1.25) (layers F.Cu F.Paste F.Mask)
      (net 1 GND))
    (pad 1 smd rect (at -1 0 270) (size 1 1.25) (layers F.Cu F.Paste F.Mask)
      (net 3 VCC))
    (model Capacitors_SMD.3dshapes/C_0805.wrl
      (at (xyz 0 0 0))
      (scale (xyz 1 1 1))
      (rotate (xyz 0 0 0))
    )
  )

  (module Capacitors_SMD:C_0805 (layer F.Cu) (tedit 58AA8463) (tstamp 5FFE8232)
    (at 182.0672 47.7774 90)
    (descr "Capacitor SMD 0805, reflow soldering, AVX (see smccp.pdf)")
    (tags "capacitor 0805")
    (path /5FF50D1D)
    (attr smd)
    (fp_text reference C10 (at 0 -1.5 90) (layer F.SilkS)
      (effects (font (size 1 1) (thickness 0.15)))
    )
    (fp_text value 100nF (at 0 1.75 90) (layer F.Fab)
      (effects (font (size 1 1) (thickness 0.15)))
    )
    (fp_line (start 1.75 0.87) (end -1.75 0.87) (layer F.CrtYd) (width 0.05))
    (fp_line (start 1.75 0.87) (end 1.75 -0.88) (layer F.CrtYd) (width 0.05))
    (fp_line (start -1.75 -0.88) (end -1.75 0.87) (layer F.CrtYd) (width 0.05))
    (fp_line (start -1.75 -0.88) (end 1.75 -0.88) (layer F.CrtYd) (width 0.05))
    (fp_line (start -0.5 0.85) (end 0.5 0.85) (layer F.SilkS) (width 0.12))
    (fp_line (start 0.5 -0.85) (end -0.5 -0.85) (layer F.SilkS) (width 0.12))
    (fp_line (start -1 -0.62) (end 1 -0.62) (layer F.Fab) (width 0.1))
    (fp_line (start 1 -0.62) (end 1 0.62) (layer F.Fab) (width 0.1))
    (fp_line (start 1 0.62) (end -1 0.62) (layer F.Fab) (width 0.1))
    (fp_line (start -1 0.62) (end -1 -0.62) (layer F.Fab) (width 0.1))
    (fp_text user %R (at 0 -1.5 90) (layer F.Fab)
      (effects (font (size 1 1) (thickness 0.15)))
    )
    (pad 2 smd rect (at 1 0 90) (size 1 1.25) (layers F.Cu F.Paste F.Mask)
      (net 1 GND))
    (pad 1 smd rect (at -1 0 90) (size 1 1.25) (layers F.Cu F.Paste F.Mask)
      (net 3 VCC))
    (model Capacitors_SMD.3dshapes/C_0805.wrl
      (at (xyz 0 0 0))
      (scale (xyz 1 1 1))
      (rotate (xyz 0 0 0))
    )
  )

  (module Capacitors_SMD:C_0805 (layer F.Cu) (tedit 58AA8463) (tstamp 5FF7DA46)
    (at 124.3203 131.4196 270)
    (descr "Capacitor SMD 0805, reflow soldering, AVX (see smccp.pdf)")
    (tags "capacitor 0805")
    (path /60023873)
    (attr smd)
    (fp_text reference C11 (at 0 -1.5 90) (layer F.SilkS)
      (effects (font (size 1 1) (thickness 0.15)))
    )
    (fp_text value 4.7uF (at 0 1.75 90) (layer F.Fab)
      (effects (font (size 1 1) (thickness 0.15)))
    )
    (fp_line (start 1.75 0.87) (end -1.75 0.87) (layer F.CrtYd) (width 0.05))
    (fp_line (start 1.75 0.87) (end 1.75 -0.88) (layer F.CrtYd) (width 0.05))
    (fp_line (start -1.75 -0.88) (end -1.75 0.87) (layer F.CrtYd) (width 0.05))
    (fp_line (start -1.75 -0.88) (end 1.75 -0.88) (layer F.CrtYd) (width 0.05))
    (fp_line (start -0.5 0.85) (end 0.5 0.85) (layer F.SilkS) (width 0.12))
    (fp_line (start 0.5 -0.85) (end -0.5 -0.85) (layer F.SilkS) (width 0.12))
    (fp_line (start -1 -0.62) (end 1 -0.62) (layer F.Fab) (width 0.1))
    (fp_line (start 1 -0.62) (end 1 0.62) (layer F.Fab) (width 0.1))
    (fp_line (start 1 0.62) (end -1 0.62) (layer F.Fab) (width 0.1))
    (fp_line (start -1 0.62) (end -1 -0.62) (layer F.Fab) (width 0.1))
    (fp_text user %R (at 0 -1.5 90) (layer F.Fab)
      (effects (font (size 1 1) (thickness 0.15)))
    )
    (pad 2 smd rect (at 1 0 270) (size 1 1.25) (layers F.Cu F.Paste F.Mask)
      (net 1 GND))
    (pad 1 smd rect (at -1 0 270) (size 1 1.25) (layers F.Cu F.Paste F.Mask)
      (net 4 "Net-(C11-Pad1)"))
    (model Capacitors_SMD.3dshapes/C_0805.wrl
      (at (xyz 0 0 0))
      (scale (xyz 1 1 1))
      (rotate (xyz 0 0 0))
    )
  )

  (module Capacitors_SMD:C_0805 (layer F.Cu) (tedit 58AA8463) (tstamp 5FFE86E5)
    (at 180.0352 47.7774 90)
    (descr "Capacitor SMD 0805, reflow soldering, AVX (see smccp.pdf)")
    (tags "capacitor 0805")
    (path /5FF4EE91)
    (attr smd)
    (fp_text reference C12 (at 0 -1.5 90) (layer F.SilkS)
      (effects (font (size 1 1) (thickness 0.15)))
    )
    (fp_text value 4.7uF (at 0 1.75 90) (layer F.Fab)
      (effects (font (size 1 1) (thickness 0.15)))
    )
    (fp_text user %R (at 0 -1.5 90) (layer F.Fab)
      (effects (font (size 1 1) (thickness 0.15)))
    )
    (fp_line (start -1 0.62) (end -1 -0.62) (layer F.Fab) (width 0.1))
    (fp_line (start 1 0.62) (end -1 0.62) (layer F.Fab) (width 0.1))
    (fp_line (start 1 -0.62) (end 1 0.62) (layer F.Fab) (width 0.1))
    (fp_line (start -1 -0.62) (end 1 -0.62) (layer F.Fab) (width 0.1))
    (fp_line (start 0.5 -0.85) (end -0.5 -0.85) (layer F.SilkS) (width 0.12))
    (fp_line (start -0.5 0.85) (end 0.5 0.85) (layer F.SilkS) (width 0.12))
    (fp_line (start -1.75 -0.88) (end 1.75 -0.88) (layer F.CrtYd) (width 0.05))
    (fp_line (start -1.75 -0.88) (end -1.75 0.87) (layer F.CrtYd) (width 0.05))
    (fp_line (start 1.75 0.87) (end 1.75 -0.88) (layer F.CrtYd) (width 0.05))
    (fp_line (start 1.75 0.87) (end -1.75 0.87) (layer F.CrtYd) (width 0.05))
    (pad 1 smd rect (at -1 0 90) (size 1 1.25) (layers F.Cu F.Paste F.Mask)
      (net 5 "Net-(C12-Pad1)"))
    (pad 2 smd rect (at 1 0 90) (size 1 1.25) (layers F.Cu F.Paste F.Mask)
      (net 1 GND))
    (model Capacitors_SMD.3dshapes/C_0805.wrl
      (at (xyz 0 0 0))
      (scale (xyz 1 1 1))
      (rotate (xyz 0 0 0))
    )
  )

  (module Capacitors_SMD:C_0805 (layer F.Cu) (tedit 58AA8463) (tstamp 5FFE8715)
    (at 186.8932 70.383399 180)
    (descr "Capacitor SMD 0805, reflow soldering, AVX (see smccp.pdf)")
    (tags "capacitor 0805")
    (path /5FFF1DF3)
    (attr smd)
    (fp_text reference C15 (at 0 -1.5) (layer F.SilkS)
      (effects (font (size 1 1) (thickness 0.15)))
    )
    (fp_text value 100nF (at 0 1.75) (layer F.Fab)
      (effects (font (size 1 1) (thickness 0.15)))
    )
    (fp_line (start 1.75 0.87) (end -1.75 0.87) (layer F.CrtYd) (width 0.05))
    (fp_line (start 1.75 0.87) (end 1.75 -0.88) (layer F.CrtYd) (width 0.05))
    (fp_line (start -1.75 -0.88) (end -1.75 0.87) (layer F.CrtYd) (width 0.05))
    (fp_line (start -1.75 -0.88) (end 1.75 -0.88) (layer F.CrtYd) (width 0.05))
    (fp_line (start -0.5 0.85) (end 0.5 0.85) (layer F.SilkS) (width 0.12))
    (fp_line (start 0.5 -0.85) (end -0.5 -0.85) (layer F.SilkS) (width 0.12))
    (fp_line (start -1 -0.62) (end 1 -0.62) (layer F.Fab) (width 0.1))
    (fp_line (start 1 -0.62) (end 1 0.62) (layer F.Fab) (width 0.1))
    (fp_line (start 1 0.62) (end -1 0.62) (layer F.Fab) (width 0.1))
    (fp_line (start -1 0.62) (end -1 -0.62) (layer F.Fab) (width 0.1))
    (fp_text user %R (at 0 -1.5) (layer F.Fab)
      (effects (font (size 1 1) (thickness 0.15)))
    )
    (pad 2 smd rect (at 1 0 180) (size 1 1.25) (layers F.Cu F.Paste F.Mask)
      (net 1 GND))
    (pad 1 smd rect (at -1 0 180) (size 1 1.25) (layers F.Cu F.Paste F.Mask)
      (net 2 VIN))
    (model Capacitors_SMD.3dshapes/C_0805.wrl
      (at (xyz 0 0 0))
      (scale (xyz 1 1 1))
      (rotate (xyz 0 0 0))
    )
  )

  (module Capacitors_SMD:C_0805 (layer F.Cu) (tedit 58AA8463) (tstamp 5FF7DA9B)
    (at 117.7163 109.3216)
    (descr "Capacitor SMD 0805, reflow soldering, AVX (see smccp.pdf)")
    (tags "capacitor 0805")
    (path /60055E3F)
    (attr smd)
    (fp_text reference C16 (at 0 -1.5) (layer F.SilkS)
      (effects (font (size 1 1) (thickness 0.15)))
    )
    (fp_text value 100nF (at 0 1.75) (layer F.Fab)
      (effects (font (size 1 1) (thickness 0.15)))
    )
    (fp_text user %R (at 0 -1.5) (layer F.Fab)
      (effects (font (size 1 1) (thickness 0.15)))
    )
    (fp_line (start -1 0.62) (end -1 -0.62) (layer F.Fab) (width 0.1))
    (fp_line (start 1 0.62) (end -1 0.62) (layer F.Fab) (width 0.1))
    (fp_line (start 1 -0.62) (end 1 0.62) (layer F.Fab) (width 0.1))
    (fp_line (start -1 -0.62) (end 1 -0.62) (layer F.Fab) (width 0.1))
    (fp_line (start 0.5 -0.85) (end -0.5 -0.85) (layer F.SilkS) (width 0.12))
    (fp_line (start -0.5 0.85) (end 0.5 0.85) (layer F.SilkS) (width 0.12))
    (fp_line (start -1.75 -0.88) (end 1.75 -0.88) (layer F.CrtYd) (width 0.05))
    (fp_line (start -1.75 -0.88) (end -1.75 0.87) (layer F.CrtYd) (width 0.05))
    (fp_line (start 1.75 0.87) (end 1.75 -0.88) (layer F.CrtYd) (width 0.05))
    (fp_line (start 1.75 0.87) (end -1.75 0.87) (layer F.CrtYd) (width 0.05))
    (pad 1 smd rect (at -1 0) (size 1 1.25) (layers F.Cu F.Paste F.Mask)
      (net 2 VIN))
    (pad 2 smd rect (at 1 0) (size 1 1.25) (layers F.Cu F.Paste F.Mask)
      (net 1 GND))
    (model Capacitors_SMD.3dshapes/C_0805.wrl
      (at (xyz 0 0 0))
      (scale (xyz 1 1 1))
      (rotate (xyz 0 0 0))
    )
  )

  (module Capacitors_SMD:C_0805 (layer F.Cu) (tedit 58AA8463) (tstamp 5FF7DAAC)
    (at 150.368 80.5434)
    (descr "Capacitor SMD 0805, reflow soldering, AVX (see smccp.pdf)")
    (tags "capacitor 0805")
    (path /6031A647)
    (attr smd)
    (fp_text reference C17 (at 0 -1.5) (layer F.SilkS)
      (effects (font (size 1 1) (thickness 0.15)))
    )
    (fp_text value 10uF (at 0 1.75) (layer F.Fab)
      (effects (font (size 1 1) (thickness 0.15)))
    )
    (fp_line (start 1.75 0.87) (end -1.75 0.87) (layer F.CrtYd) (width 0.05))
    (fp_line (start 1.75 0.87) (end 1.75 -0.88) (layer F.CrtYd) (width 0.05))
    (fp_line (start -1.75 -0.88) (end -1.75 0.87) (layer F.CrtYd) (width 0.05))
    (fp_line (start -1.75 -0.88) (end 1.75 -0.88) (layer F.CrtYd) (width 0.05))
    (fp_line (start -0.5 0.85) (end 0.5 0.85) (layer F.SilkS) (width 0.12))
    (fp_line (start 0.5 -0.85) (end -0.5 -0.85) (layer F.SilkS) (width 0.12))
    (fp_line (start -1 -0.62) (end 1 -0.62) (layer F.Fab) (width 0.1))
    (fp_line (start 1 -0.62) (end 1 0.62) (layer F.Fab) (width 0.1))
    (fp_line (start 1 0.62) (end -1 0.62) (layer F.Fab) (width 0.1))
    (fp_line (start -1 0.62) (end -1 -0.62) (layer F.Fab) (width 0.1))
    (fp_text user %R (at 0 -1.5) (layer F.Fab)
      (effects (font (size 1 1) (thickness 0.15)))
    )
    (pad 2 smd rect (at 1 0) (size 1 1.25) (layers F.Cu F.Paste F.Mask)
      (net 1 GND))
    (pad 1 smd rect (at -1 0) (size 1 1.25) (layers F.Cu F.Paste F.Mask)
      (net 3 VCC))
    (model Capacitors_SMD.3dshapes/C_0805.wrl
      (at (xyz 0 0 0))
      (scale (xyz 1 1 1))
      (rotate (xyz 0 0 0))
    )
  )

  (module Capacitors_SMD:c_elec_6.3x4.5 (layer F.Cu) (tedit 57FA4558) (tstamp 5FFE878C)
    (at 183.8452 63.7794 180)
    (descr "SMT capacitor, aluminium electrolytic, 6.3x4.5")
    (path /5FFF1DBE)
    (attr smd)
    (fp_text reference C18 (at 0 4.5593) (layer F.SilkS)
      (effects (font (size 1 1) (thickness 0.15)))
    )
    (fp_text value 47uF (at 0 -4.5593) (layer F.Fab)
      (effects (font (size 1 1) (thickness 0.15)))
    )
    (fp_line (start 3.1496 3.1496) (end 3.1496 -3.1496) (layer F.Fab) (width 0.15))
    (fp_line (start -2.4765 3.1496) (end 3.1496 3.1496) (layer F.Fab) (width 0.15))
    (fp_line (start -3.1496 2.4765) (end -2.4765 3.1496) (layer F.Fab) (width 0.15))
    (fp_line (start -3.1496 -2.4765) (end -3.1496 2.4765) (layer F.Fab) (width 0.15))
    (fp_line (start -2.4765 -3.1496) (end -3.1496 -2.4765) (layer F.Fab) (width 0.15))
    (fp_line (start 3.1496 -3.1496) (end -2.4765 -3.1496) (layer F.Fab) (width 0.15))
    (fp_text user + (at -1.7272 -0.0762) (layer F.Fab)
      (effects (font (size 1 1) (thickness 0.15)))
    )
    (fp_arc (start 0 0) (end 2.8321 1.1176) (angle 136.9297483) (layer F.SilkS) (width 0.15))
    (fp_arc (start 0 0) (end -2.8321 -1.1176) (angle 136.9770428) (layer F.SilkS) (width 0.15))
    (fp_line (start 3.302 3.302) (end 3.302 1.1176) (layer F.SilkS) (width 0.15))
    (fp_line (start 3.302 -3.302) (end 3.302 -1.1176) (layer F.SilkS) (width 0.15))
    (fp_line (start -3.302 2.54) (end -3.302 1.1176) (layer F.SilkS) (width 0.15))
    (fp_line (start -3.302 -2.54) (end -3.302 -1.1176) (layer F.SilkS) (width 0.15))
    (fp_text user + (at -4.2799 2.9591) (layer F.SilkS)
      (effects (font (size 1 1) (thickness 0.15)))
    )
    (fp_line (start 4.85 -3.6) (end -4.85 -3.6) (layer F.CrtYd) (width 0.05))
    (fp_line (start -4.85 -3.6) (end -4.85 3.6) (layer F.CrtYd) (width 0.05))
    (fp_line (start -4.85 3.6) (end 4.85 3.6) (layer F.CrtYd) (width 0.05))
    (fp_line (start 4.85 3.6) (end 4.85 -3.6) (layer F.CrtYd) (width 0.05))
    (fp_line (start 3.302 3.302) (end -2.54 3.302) (layer F.SilkS) (width 0.15))
    (fp_line (start -2.54 3.302) (end -3.302 2.54) (layer F.SilkS) (width 0.15))
    (fp_line (start -3.302 -2.54) (end -2.54 -3.302) (layer F.SilkS) (width 0.15))
    (fp_line (start -2.54 -3.302) (end 3.302 -3.302) (layer F.SilkS) (width 0.15))
    (pad 1 smd rect (at -2.7 0) (size 3.5 1.6) (layers F.Cu F.Paste F.Mask)
